0.0 0.0 0.0 0.0 0.0 0.0 0.0 0.0 
0.0 0.0 0.0 0.0 0.0 0.0 0.0 0.0 
0.0 0.0 0.0 0.0 0.0 0.0 0.0 0.0 
0.0 0.0 0.0 0.0 0.0 0.0 0.0 0.0 
0.0 0.0 0.0 0.0 0.0 0.0 0.0 0.0 
0.0 0.0 0.0 0.0 0.0 0.0 0.0 0.0 
0.0 0.0 0.0 0.0 0.0 0.0 0.0 0.0 
0.0 0.0 0.0 0.0 0.0 0.0 0.0 0.0 
0.0 0.0 0.0 0.0 0.0 0.0 0.0 0.0 
0.0 0.0 0.0 0.0 0.0 0.0 0.0 0.0 
0.0 0.0 0.0 0.0 0.0 0.0 0.0 0.0 
0.0 0.0 0.0 0.0 0.0 0.0 0.0 0.0 
0.0 0.0 0.0 0.0 0.0 0.0 0.0 0.0 
0.0 0.0 0.0 0.0 0.0 0.0 0.0 0.0 
0.0 0.0 0.0 0.0 0.0 0.0 0.0 0.0 
0.0 0.0 0.0 0.0 0.0 0.0 0.0 0.0 
0.0 0.0 0.0 0.0 0.0 0.0 0.0 0.0 
0.0 0.0 0.0 0.0 0.0 0.0 0.0 0.0 
0.0 0.0 0.0 0.0 0.0 0.0 0.0 0.0 
0.0 0.0 0.0 0.0 0.0 0.0 0.0 0.0 
0.0 0.0 0.0 0.0 0.0 0.0 0.0 0.0 
0.0 0.0 0.0 0.0 0.0 0.0 0.0 0.0 
0.0 0.0 0.0 0.0 0.0 0.0 0.0 0.0 
0.0 0.0 0.0 0.0 0.0 0.0 0.0 0.0 
0.0 0.0 0.0 0.0 0.0 0.0 0.0 0.0 
0.0 0.0 0.0 0.0 0.0 0.0 0.0 0.0 
0.0 0.0 0.0 0.0 0.0 0.0 0.0 0.0 
0.0 0.0 0.0 0.0 0.0 0.0 0.0 0.0 
0.0 0.0 0.0 0.0 0.0 0.0 0.0 0.0 
0.0 0.0 0.0 0.0 0.0 0.0 0.0 0.0 
0.0 0.0 0.0 0.0 0.0 0.0 0.0 0.0 
0.0 0.0 0.0 0.0 0.0 0.0 0.0 0.0 
0.0 0.0 0.0 0.0 0.0 0.0 0.0 0.0 
1.54654250618 0.0 0.0 0.0 1.54654250618 0.0 0.0 0.0 
1.45997157504 0.0 0.0 0.0 1.45997157504 0.0 0.0 0.0 
1.48491136694 0.0 0.0 0.0 1.48491136694 0.0 0.0 0.0 
1.53852295758 0.0 0.0 0.0 1.53852295758 0.0 0.0 0.0 
1.50265605928 0.0 0.0 0.0 1.50265605928 0.0 0.0 0.0 
1.45748912987 0.0 0.0 0.0 1.45748912987 0.0 0.0 0.0 
1.43501737544 0.0 0.0 0.0 1.43501737544 0.0 0.0 0.0 
0.0 0.0 0.0 0.0 0.0 0.0 0.0 0.0 
0.0 0.0 0.0 0.0 0.0 0.0 0.0 0.0 
0.0 0.0 0.0 0.0 0.0 0.0 0.0 0.0 
1.47968984288 0.0 0.0 0.0 1.47968984288 0.0 0.0 0.0 
1.52714575058 0.0 0.0 0.0 1.52714575058 0.0 0.0 0.0 
0.0 0.0 0.0 0.0 0.0 0.0 0.0 0.0 
1.49764406034 0.0 0.0 0.0 1.49764406034 0.0 0.0 0.0 
1.57480058506 0.0 0.0 1.10939741451 1.57480058506 0.0 1.10939741451 0.0 
1.57016692033 0.0 0.0 1.09041847609 1.57016692033 0.0 1.09041847609 0.0 
0.0 0.0 0.0 1.11973503011 0.0 0.0 1.11973503011 0.0 
0.0 0.0 0.0 1.227058855 0.0 0.0 1.227058855 0.0 
0.0 0.0 0.0 1.24177469946 0.0 0.0 1.24177469946 0.0 
1.50364774319 0.0 0.0 1.27926648437 1.50364774319 0.0 1.27926648437 0.0 
1.49294590616 0.0 0.0 1.25975769824 1.49294590616 0.0 1.25975769824 0.0 
0.0 0.0 0.0 1.25779598975 0.0 0.0 1.25779598975 0.0 
0.0 0.0 0.0 1.25259491245 0.0 0.0 1.25259491245 0.0 
0.0 0.0 0.0 1.29429400203 0.0 0.0 1.29429400203 0.0 
0.0 0.0 0.0 1.31369324604 0.0 0.0 1.31369324604 0.0 
0.0 0.0 0.0 1.23460945411 0.0 0.0 1.23460945411 0.0 
0.0 0.0 0.0 1.34952988631 0.0 0.0 1.34952988631 0.0 
0.0 0.0 0.0 0.0 0.0 0.0 0.0 0.0 
0.0 0.0 0.0 0.0 0.0 0.0 0.0 0.0 
0.0 0.0 0.0 0.0 0.0 0.0 0.0 0.0 
0.0 0.0 0.0 0.0 0.0 0.0 0.0 0.0 
0.0 1.60690921405 1.60690921405 0.0 0.0 0.0 0.0 0.0 
0.0 1.60551336965 1.60551336965 0.0 0.0 0.0 0.0 0.0 
0.0 0.0 0.0 0.0 0.0 0.0 0.0 0.0 
0.0 1.50766058474 1.50766058474 0.0 0.0 0.0 0.0 0.0 
0.0 1.52165022628 1.52165022628 0.0 0.0 0.0 0.0 0.0 
0.0 0.0 0.0 0.0 0.0 0.0 0.0 0.0 
0.0 0.0 0.0 0.0 0.0 0.0 0.0 0.0 
0.0 1.44859783066 1.44859783066 0.0 0.0 0.0 0.0 0.0 
0.0 1.29119506693 1.29119506693 0.0 0.0 0.0 0.0 0.0 
0.0 1.21179880379 1.21179880379 0.0 0.0 0.0 0.0 0.0 
0.0 1.20461442704 1.20461442704 0.0 0.0 0.0 0.0 0.0 
0.0 1.19545386805 1.19545386805 0.0 0.0 0.0 0.0 0.0 
0.0 1.20057830615 1.20057830615 0.0 0.0 0.0 0.0 0.0 
0.0 1.16370421814 1.16370421814 0.0 0.0 0.0 0.0 0.0 
0.0 1.26250253991 1.26250253991 0.0 0.0 0.0 0.0 0.0 
0.0 1.24643571 1.24643571 0.0 0.0 0.0 0.0 0.0 
0.0 1.20541334434 1.20541334434 0.0 0.0 0.0 0.0 0.0 
0.0 1.1605176491 1.1605176491 0.0 0.0 0.0 0.0 0.0 
0.0 1.17882605434 1.17882605434 0.0 0.0 0.0 0.0 0.0 
0.0 1.18060584033 1.18060584033 0.0 0.0 0.0 0.0 0.0 
0.0 1.2422684686 1.2422684686 0.0 0.0 0.0 0.0 0.0 
0.0 1.31833581037 1.31833581037 0.0 0.0 0.0 0.0 0.0 
0.0 1.4244360106 1.4244360106 0.0 0.0 0.0 0.0 0.0 
0.0 1.60145774721 1.60145774721 0.0 0.0 0.0 0.0 0.0 
0.0 0.0 0.0 0.0 0.0 0.0 0.0 0.0 
0.0 1.47850228721 1.47850228721 0.0 0.0 0.0 0.0 0.0 
0.0 1.16252910803 1.16252910803 0.0 0.0 0.0 0.0 0.0 
0.0 1.13037565695 1.13037565695 0.0 0.0 0.0 0.0 0.0 
0.0 1.14310854926 1.14310854926 0.0 0.0 0.0 0.0 0.0 
0.0 1.00632877129 1.00632877129 0.0 0.0 0.0 0.0 0.0 
0.0 1.03547574944 1.03547574944 0.0 0.0 0.0 0.0 0.0 
0.0 1.04865210663 1.04865210663 0.0 0.0 0.0 0.0 0.0 
0.0 1.03287792238 1.03287792238 0.0 0.0 0.0 0.0 0.0 
0.0 1.03206975385 1.03206975385 0.0 0.0 0.0 0.0 0.0 
0.0 1.09011341516 1.09011341516 0.0 0.0 0.0 0.0 0.0 
0.0 1.05584723867 1.05584723867 0.0 0.0 0.0 0.0 0.0 
1.4930313033 1.02204981637 1.02204981637 0.0 1.4930313033 0.0 0.0 0.0 
0.0 1.09156849203 1.09156849203 0.0 0.0 0.0 0.0 0.0 
0.0 1.03467339108 1.03467339108 0.0 0.0 0.0 0.0 0.0 
0.0 1.03623696724 1.03623696724 0.0 0.0 0.0 0.0 0.0 
1.47859894505 1.08490466313 1.08490466313 0.0 1.47859894505 0.0 0.0 0.0 
1.50551976738 1.0842585391 1.0842585391 0.0 1.50551976738 0.0 0.0 0.0 
1.51693735259 1.03993177845 1.03993177845 0.0 1.51693735259 0.0 0.0 0.0 
1.56697118201 0.98977683321 0.98977683321 0.0 1.56697118201 0.0 0.0 0.0 
1.4819525428 1.0256110647 1.0256110647 0.0 1.4819525428 0.0 0.0 0.0 
1.58608281484 1.03895122749 1.03895122749 0.0 1.58608281484 0.0 0.0 0.0 
1.58687873226 1.02512699301 1.02512699301 0.0 1.58687873226 0.0 0.0 0.0 
1.4827215668 1.06739306741 1.06739306741 0.0 1.4827215668 0.0 0.0 0.0 
1.93135967305 0.947122598557 0.947122598557 0.0 1.93135967305 1.93135967305 0.0 0.0 
1.95987373177 1.06930486375 1.06930486375 0.0 1.95987373177 1.95987373177 0.0 0.0 
1.90029853902 1.05504048262 1.05504048262 0.0 1.90029853902 1.90029853902 0.0 0.0 
1.93203714472 1.04134821369 1.04134821369 0.0 1.93203714472 1.93203714472 0.0 0.0 
0.0 1.01769375576 1.01769375576 0.0 1.514883414 1.514883414 0.0 0.0 
0.0 1.0145693992 1.0145693992 0.0 1.54077834326 1.54077834326 0.0 0.0 
1.44767629449 1.0304237493 1.0304237493 0.0 1.44767629449 0.0 0.0 0.0 
1.40173406625 1.00308596497 1.00308596497 0.0 1.40173406625 0.0 0.0 0.0 
1.42642348747 1.02569130161 1.02569130161 0.0 1.42642348747 0.0 0.0 0.0 
1.34390445865 1.03859815366 1.03859815366 0.0 1.34390445865 0.0 0.0 0.0 
1.49277305494 1.00535516782 1.00535516782 0.0 1.49277305494 0.0 0.0 0.0 
0.0 0.948464209622 0.948464209622 0.0 0.0 0.0 0.0 0.0 
0.0 1.06384903217 1.06384903217 0.0 0.0 0.0 0.0 0.0 
0.0 1.01595137263 1.01595137263 0.0 0.0 0.0 0.0 0.0 
0.0 1.02712569374 1.02712569374 0.0 0.0 0.0 0.0 0.0 
0.0 1.04248873633 1.04248873633 0.0 0.0 0.0 0.0 0.0 
0.0 1.01363315371 1.01363315371 0.0 0.0 0.0 0.0 0.0 
0.0 1.03792488433 1.03792488433 0.0 0.0 0.0 0.0 0.0 
0.0 0.972142333053 0.972142333053 0.0 0.0 0.0 0.0 0.0 
0.0 1.17482628379 1.17482628379 0.0 0.0 0.0 0.0 0.0 
0.0 1.18210800053 1.18210800053 0.0 0.0 0.0 0.0 0.0 
0.0 1.15220808856 1.15220808856 0.0 0.0 0.0 0.0 0.0 
0.0 1.16703009998 1.16703009998 0.0 0.0 0.0 0.0 0.0 
0.0 1.19520749295 1.19520749295 0.0 0.0 0.0 0.0 0.0 
0.0 1.19270151948 1.19270151948 0.0 0.0 0.0 0.0 0.0 
0.0 1.1859356881 1.1859356881 0.0 0.0 0.0 0.0 0.0 
0.0 1.17777030018 1.17777030018 0.0 0.0 0.0 0.0 0.0 
0.0 1.18193346328 1.18193346328 0.0 0.0 0.0 0.0 0.0 
0.0 1.17276289843 1.17276289843 0.0 0.0 0.0 0.0 0.0 
0.0 1.18461410369 1.18461410369 0.0 0.0 0.0 0.0 0.0 
0.0 1.15949419319 1.15949419319 0.0 0.0 0.0 0.0 0.0 
0.0 1.19506923342 1.19506923342 0.0 0.0 0.0 0.0 0.0 
0.0 1.18060173711 1.18060173711 0.0 0.0 0.0 0.0 0.0 
0.0 1.20648731167 1.20648731167 0.0 0.0 0.0 0.0 0.0 
0.0 1.19521663233 1.19521663233 0.0 0.0 0.0 0.0 0.0 
0.0 1.20397650491 1.20397650491 0.0 0.0 0.0 0.0 0.0 
0.0 1.17989436291 1.17989436291 0.0 0.0 0.0 0.0 0.0 
0.0 1.17052407954 1.17052407954 0.0 0.0 0.0 0.0 0.0 
0.0 1.16028942675 1.16028942675 0.0 0.0 0.0 0.0 0.0 
0.0 1.18840926907 1.18840926907 0.0 0.0 0.0 0.0 0.0 
0.0 1.1805120795 1.1805120795 0.0 0.0 0.0 0.0 0.0 
0.0 1.18676989204 1.18676989204 0.0 0.0 0.0 0.0 0.0 
0.0 1.18896675766 1.18896675766 0.0 0.0 0.0 0.0 0.0 
0.0 1.17759783338 1.17759783338 0.0 0.0 0.0 0.0 0.0 
0.0 1.17979008964 1.17979008964 0.0 0.0 0.0 0.0 0.0 
0.0 1.18706046193 1.18706046193 0.0 0.0 0.0 0.0 0.0 
0.0 1.18275159825 1.18275159825 0.0 0.0 0.0 0.0 0.0 
0.0 1.17036969445 1.17036969445 0.0 0.0 0.0 0.0 0.0 
0.0 1.1839332377 1.1839332377 0.0 0.0 0.0 0.0 0.0 
0.0 1.1837695182 1.1837695182 0.0 0.0 0.0 0.0 0.0 
0.0 1.1914869961 1.1914869961 0.0 0.0 0.0 0.0 0.0 
0.0 1.18059887679 1.18059887679 0.0 0.0 0.0 0.0 0.0 
0.0 1.1695961801 1.1695961801 0.0 0.0 0.0 0.0 0.0 
0.0 1.1745369929 1.1745369929 0.0 0.0 0.0 0.0 0.0 
0.0 1.18347567612 1.18347567612 0.0 0.0 0.0 0.0 0.0 
0.0 1.18186361177 1.18186361177 0.0 0.0 0.0 0.0 0.0 
0.0 1.17738682317 1.17738682317 0.0 0.0 0.0 0.0 0.0 
0.0 1.18456144328 1.18456144328 0.0 0.0 0.0 0.0 0.0 
0.0 1.19627998008 1.19627998008 0.0 0.0 0.0 0.0 0.0 
0.0 1.17095635528 1.17095635528 0.0 0.0 1.51467003211 1.51467003211 0.0 
0.0 1.17973823341 1.17973823341 0.0 0.0 1.57894454256 1.57894454256 0.0 
0.0 1.1829297479 1.1829297479 0.0 0.0 1.44975989641 1.44975989641 0.0 
0.0 1.18373801034 1.18373801034 0.0 0.0 0.0 0.0 0.0 
0.0 1.17934930772 1.17934930772 0.0 0.0 0.0 0.0 0.0 
0.0 1.18739145944 1.18739145944 0.0 0.0 0.0 0.0 0.0 
0.0 1.16797408984 1.16797408984 0.0 0.0 0.0 0.0 0.0 
0.0 1.18269794314 1.18269794314 0.0 0.0 0.0 0.0 0.0 
0.0 1.16388970939 1.16388970939 0.0 0.0 0.0 0.0 0.0 
0.0 1.08173640988 1.08173640988 0.0 0.0 0.0 0.0 0.0 
0.0 0.988424172577 0.988424172577 0.0 0.0 0.0 0.0 0.0 
0.0 1.01930050974 1.01930050974 0.0 0.0 0.0 0.0 0.0 
0.0 0.995677567059 0.995677567059 0.0 0.0 0.0 0.0 0.0 
0.0 1.00804380661 1.00804380661 0.0 0.0 0.0 0.0 0.0 
0.0 1.01246856915 1.01246856915 0.0 0.0 0.0 0.0 0.0 
0.0 0.973451529245 0.973451529245 0.0 0.0 0.0 0.0 0.0 
0.0 0.999229108894 0.999229108894 0.0 0.0 0.0 0.0 0.0 
0.0 1.00509529653 1.00509529653 0.0 0.0 0.0 0.0 0.0 
0.0 1.02615859555 1.02615859555 0.0 0.0 0.0 0.0 0.0 
0.0 0.974288625514 0.974288625514 0.0 0.0 0.0 0.0 0.0 
0.0 0.98146688568 0.98146688568 0.0 0.0 0.0 0.0 0.0 
0.0 1.00959402777 1.00959402777 0.0 0.0 0.0 0.0 0.0 
0.0 1.04932175581 1.04932175581 0.0 0.0 0.0 0.0 0.0 
0.0 1.03900018064 1.03900018064 0.0 0.0 0.0 0.0 0.0 
0.0 1.02412182305 1.02412182305 0.0 0.0 0.0 0.0 0.0 
0.0 1.0533970508 1.0533970508 0.0 0.0 0.0 0.0 0.0 
0.0 0.99746185094 0.99746185094 0.0 0.0 0.0 0.0 0.0 
0.0 1.01030947487 1.01030947487 0.0 0.0 0.0 0.0 0.0 
1.47444732002 1.00696972024 1.00696972024 0.0 0.0 1.47444732002 0.0 0.0 
1.43218562663 1.01907984111 1.01907984111 0.0 0.0 1.43218562663 0.0 0.0 
1.44724732598 0.98134020553 0.98134020553 0.0 0.0 1.44724732598 0.0 0.0 
0.0 1.01603802158 1.01603802158 0.0 0.0 0.0 0.0 0.0 
0.0 1.02646965459 1.02646965459 0.0 0.0 0.0 0.0 0.0 
0.0 0.964508049316 0.964508049316 0.0 0.0 0.0 0.0 0.0 
0.0 1.01345236716 1.01345236716 0.0 0.0 0.0 0.0 0.0 
0.0 1.03189755502 1.03189755502 0.0 0.0 0.0 0.0 0.0 
0.0 1.03477940458 1.03477940458 0.0 0.0 0.0 0.0 0.0 
0.0 0.992997427064 0.992997427064 0.0 0.0 0.0 0.0 0.0 
0.0 1.02265319857 1.02265319857 0.0 0.0 0.0 0.0 0.0 
0.0 1.01991550742 1.01991550742 0.0 0.0 0.0 0.0 0.0 
0.0 0.989648214242 0.989648214242 0.0 0.0 0.0 0.0 0.0 
0.0 0.983724622795 0.983724622795 0.0 0.0 0.0 0.0 0.0 
0.0 1.00467630027 1.00467630027 0.0 0.0 0.0 0.0 0.0 
0.0 0.982156689259 0.982156689259 0.0 0.0 0.0 0.0 0.0 
0.0 0.996369815913 0.996369815913 0.0 0.0 0.0 0.0 0.0 
0.0 0.996879953673 0.996879953673 0.0 0.0 0.0 0.0 0.0 
0.0 0.987426747501 0.987426747501 0.0 0.0 0.0 0.0 0.0 
0.0 1.01073613635 1.01073613635 0.0 0.0 0.0 0.0 0.0 
0.0 0.98154288149 0.98154288149 0.0 0.0 0.0 0.0 0.0 
0.0 1.02363485465 1.02363485465 0.0 0.0 0.0 0.0 0.0 
0.0 0.970580798489 0.970580798489 0.0 0.0 0.0 0.0 0.0 
0.0 0.99759425828 0.99759425828 0.0 0.0 0.0 0.0 0.0 
0.0 0.993632524168 0.993632524168 0.0 0.0 0.0 0.0 0.0 
0.0 1.00606864917 1.00606864917 0.0 0.0 0.0 0.0 0.0 
0.0 1.00476777589 1.00476777589 0.0 0.0 0.0 0.0 0.0 
0.0 0.991281217754 0.991281217754 0.0 0.0 0.0 0.0 0.0 
0.0 0.989137997806 0.989137997806 0.0 0.0 0.0 0.0 0.0 
0.0 1.01559516314 1.01559516314 0.0 0.0 0.0 0.0 0.0 
0.0 0.992426401335 0.992426401335 0.0 0.0 0.0 0.0 0.0 
0.0 0.997605256846 0.997605256846 0.0 0.0 0.0 0.0 0.0 
0.0 0.958787184118 0.958787184118 1.39758067339 0.0 0.0 1.39758067339 0.0 
0.0 0.955579945993 0.955579945993 1.3850341771 0.0 0.0 1.3850341771 0.0 
0.0 1.02678632569 1.02678632569 1.39803253101 0.0 0.0 1.39803253101 0.0 
0.0 0.996217329564 0.996217329564 1.32299050507 0.0 0.0 1.32299050507 0.0 
0.0 0.9996150399 0.9996150399 1.34140109333 0.0 0.0 1.34140109333 0.0 
0.0 0.977520533785 0.977520533785 1.38340983253 0.0 0.0 1.38340983253 0.0 
0.0 0.975364241983 0.975364241983 1.50519985483 0.0 0.0 1.50519985483 0.0 
0.0 0.990709555227 0.990709555227 0.0 0.0 0.0 0.0 0.0 
0.0 1.00178245384 1.00178245384 1.49601588952 0.0 0.0 1.49601588952 0.0 
0.0 0.975575189101 0.975575189101 1.51565209646 0.0 0.0 1.51565209646 0.0 
0.0 1.0089111315 1.0089111315 1.51531433093 0.0 0.0 1.51531433093 0.0 
0.0 0.972674439237 0.972674439237 1.51241673243 0.0 0.0 1.51241673243 0.0 
0.0 1.01178255482 1.01178255482 1.51343443922 0.0 0.0 1.51343443922 0.0 
0.0 1.02397412267 1.02397412267 1.52583993075 0.0 0.0 1.52583993075 0.0 
0.0 0.965421583881 0.965421583881 1.52334514069 0.0 0.0 1.52334514069 0.0 
0.0 1.02594905245 1.02594905245 1.51635337657 0.0 0.0 1.51635337657 0.0 
0.0 1.02865795442 1.02865795442 1.56110239849 0.0 0.0 1.56110239849 0.0 
0.0 0.999080082483 0.999080082483 1.48879518722 0.0 0.0 1.48879518722 0.0 
0.0 1.02865307766 1.02865307766 1.52324659921 0.0 0.0 1.52324659921 0.0 
0.0 1.01318720551 1.01318720551 1.58748139975 0.0 0.0 1.58748139975 0.0 
0.0 1.02756711105 1.02756711105 1.53078163426 0.0 0.0 1.53078163426 0.0 
0.0 0.999354079224 0.999354079224 1.50798564764 0.0 0.0 1.50798564764 0.0 
0.0 0.988095931454 0.988095931454 1.55759984696 0.0 0.0 1.55759984696 0.0 
0.0 1.01055599925 1.01055599925 1.526856423 0.0 0.0 1.526856423 0.0 
0.0 0.991178368242 0.991178368242 1.54535781696 0.0 0.0 1.54535781696 0.0 
0.0 1.00895930697 1.00895930697 1.51807773537 0.0 0.0 1.51807773537 0.0 
0.0 1.03867210831 1.03867210831 1.53838466335 0.0 0.0 1.53838466335 0.0 
0.0 0.993579153417 0.993579153417 1.54132534126 0.0 0.0 1.54132534126 0.0 
0.0 1.00017744192 1.00017744192 1.52524987006 0.0 0.0 1.52524987006 0.0 
0.0 0.995649385081 0.995649385081 1.50549894974 0.0 0.0 1.50549894974 0.0 
0.0 1.02070097247 1.02070097247 1.56402673566 0.0 0.0 1.56402673566 0.0 
0.0 1.04077231896 1.04077231896 1.48611498417 0.0 0.0 1.48611498417 0.0 
0.0 1.01233290541 1.01233290541 1.49272766735 0.0 0.0 1.49272766735 0.0 
0.0 1.00387991851 1.00387991851 1.51820733959 0.0 0.0 1.51820733959 0.0 
0.0 1.03874331176 1.03874331176 1.43614008936 0.0 0.0 1.43614008936 0.0 
0.0 1.03227793365 1.03227793365 1.45866286969 0.0 0.0 1.45866286969 0.0 
0.0 1.03111630201 1.03111630201 1.53793092597 0.0 0.0 1.53793092597 0.0 
0.0 1.02268693487 1.02268693487 1.54772672718 0.0 0.0 1.54772672718 0.0 
0.0 1.03590767174 1.03590767174 0.0 0.0 1.04879806658 1.04879806658 0.0 
0.0 1.02918633174 1.02918633174 0.0 0.0 1.13342747148 1.13342747148 0.0 
0.0 0.983238371478 0.983238371478 0.0 0.0 1.29555755044 1.29555755044 0.0 
0.0 1.01157985607 1.01157985607 0.0 0.0 1.20226322545 1.20226322545 0.0 
0.0 1.02939706001 1.02939706001 0.0 0.0 1.17762663076 1.17762663076 0.0 
0.0 0.979853295796 0.979853295796 0.0 0.0 0.0 0.0 0.0 
0.0 1.0053531276 1.0053531276 0.0 0.0 0.0 0.0 0.0 
0.0 0.984583102807 0.984583102807 0.0 0.0 0.0 0.0 0.0 
0.0 0.979682358088 0.979682358088 0.0 0.0 1.25103069043 1.25103069043 0.0 
0.0 0.991041376733 0.991041376733 0.0 0.0 1.30443873328 1.30443873328 0.0 
0.0 1.00968251009 1.00968251009 0.0 0.0 1.21172478904 1.21172478904 0.0 
0.0 1.02858255791 1.02858255791 1.95564373727 0.0 1.95564373727 1.95564373727 0.0 
0.0 1.01529850153 1.01529850153 1.29865374315 0.0 0.0 1.29865374315 0.0 
0.0 0.975715386814 0.975715386814 1.24607073729 0.0 0.0 1.24607073729 0.0 
0.0 1.01864037823 1.01864037823 1.33649098134 0.0 0.0 1.33649098134 0.0 
0.0 0.98683354314 0.98683354314 1.34772992539 0.0 0.0 1.34772992539 0.0 
0.0 0.986246657923 0.986246657923 1.46819976733 0.0 0.0 1.46819976733 0.0 
0.0 1.01434988754 1.01434988754 1.54789109002 0.0 0.0 1.54789109002 0.0 
0.0 0.978413979669 0.978413979669 1.53331488923 0.0 0.0 1.53331488923 0.0 
0.0 1.02934765731 1.02934765731 1.48043807095 0.0 0.0 1.48043807095 0.0 
0.0 1.00893842616 1.00893842616 1.53435081069 0.0 0.0 1.53435081069 0.0 
0.0 1.0133926585 1.0133926585 1.45713616782 0.0 0.0 1.45713616782 0.0 
0.0 1.01407557046 1.01407557046 1.47289088004 0.0 0.0 1.47289088004 0.0 
0.0 0.991952774789 0.991952774789 1.56104924019 0.0 0.0 1.56104924019 0.0 
0.0 1.00022414558 1.00022414558 1.48438837406 0.0 0.0 1.48438837406 0.0 
0.0 0.984953511345 0.984953511345 1.52278188784 0.0 0.0 1.52278188784 0.0 
0.0 1.007214087 1.007214087 1.45920612518 0.0 0.0 1.45920612518 0.0 
0.0 0.977272907886 0.977272907886 1.57437553913 0.0 0.0 1.57437553913 0.0 
0.0 0.99995422395 0.99995422395 0.0 0.0 0.0 0.0 0.0 
0.0 0.976607803504 0.976607803504 1.46602073638 0.0 0.0 1.46602073638 0.0 
0.0 0.998250265613 0.998250265613 1.55653744297 0.0 0.0 1.55653744297 0.0 
1.48585733968 1.00098184951 1.00098184951 1.53494276267 1.48585733968 0.0 1.53494276267 0.0 
1.43256712978 0.996151197742 0.996151197742 1.53245767868 1.43256712978 0.0 1.53245767868 0.0 
0.0 1.00231645401 1.00231645401 1.47852301801 0.0 0.0 1.47852301801 0.0 
0.0 0.975730057927 0.975730057927 1.5029819899 0.0 0.0 1.5029819899 0.0 
0.0 1.02809627743 1.02809627743 1.52132489712 0.0 0.0 1.52132489712 0.0 
0.0 0.975312387583 0.975312387583 1.47525096526 0.0 0.0 1.47525096526 0.0 
0.0 1.03578416339 1.03578416339 1.53812011693 0.0 0.0 1.53812011693 0.0 
0.0 0.97643246314 0.97643246314 1.47182919368 0.0 0.0 1.47182919368 0.0 
0.0 1.00688367354 1.00688367354 1.45977433533 0.0 0.0 1.45977433533 0.0 
0.0 0.975537716258 0.975537716258 1.44220246451 0.0 0.0 1.44220246451 0.0 
0.0 1.0057388156 1.0057388156 0.0 0.0 0.0 0.0 0.0 
0.0 0.992308802368 0.992308802368 0.0 0.0 0.0 0.0 0.0 
0.0 1.02165446181 1.02165446181 0.0 0.0 0.0 0.0 0.0 
0.0 1.03729844969 1.03729844969 0.0 0.0 0.0 0.0 0.0 
0.0 0.970529031411 0.970529031411 0.0 0.0 0.0 0.0 0.0 
1.48354494965 1.00848926036 1.00848926036 0.0 1.48354494965 0.0 0.0 0.0 
1.49439936905 0.998646368544 0.998646368544 0.0 1.49439936905 0.0 0.0 0.0 
1.51457277721 1.00331174865 1.00331174865 0.0 1.51457277721 0.0 0.0 0.0 
1.55453772322 0.982641106691 0.982641106691 0.0 1.55453772322 0.0 0.0 0.0 
1.47773207791 0.989528294405 0.989528294405 0.0 1.47773207791 0.0 0.0 0.0 
1.47882776401 0.999083149541 0.999083149541 0.0 1.47882776401 0.0 0.0 0.0 
1.51802025593 1.02043741528 1.02043741528 0.0 1.51802025593 0.0 0.0 0.0 
1.58192801512 1.0285303741 1.0285303741 0.0 1.58192801512 0.0 0.0 0.0 
1.55958827825 0.995184115441 0.995184115441 0.0 1.55958827825 0.0 0.0 0.0 
1.55779323079 0.974812793877 0.974812793877 0.0 1.55779323079 0.0 0.0 0.0 
1.59748948775 1.00501879473 1.00501879473 0.0 1.59748948775 0.0 0.0 0.0 
1.46183772754 1.0053697322 1.0053697322 0.0 1.46183772754 0.0 0.0 0.0 
1.40554691355 0.965516990182 0.965516990182 0.0 1.40554691355 0.0 0.0 0.0 
1.23183698753 0.997089094691 0.997089094691 0.0 1.23183698753 0.0 0.0 0.0 
1.19842694351 1.02405783046 1.02405783046 0.0 1.19842694351 0.0 0.0 0.0 
1.35659628452 0.971035443461 0.971035443461 0.0 1.35659628452 0.0 0.0 0.0 
1.44347682691 0.981675781809 0.981675781809 0.0 1.44347682691 0.0 0.0 0.0 
1.52747301088 0.991863237025 0.991863237025 0.0 1.52747301088 1.4299453526 1.4299453526 0.0 
1.54202991714 0.980319135486 0.980319135486 0.0 1.54202991714 1.45707637414 1.45707637414 0.0 
1.48631704229 0.988907498324 0.988907498324 0.0 1.48631704229 1.49217123777 1.49217123777 0.0 
1.46813455844 1.00816922126 1.00816922126 0.0 1.46813455844 1.49639047392 1.49639047392 0.0 
1.3826691888 1.00010213865 1.00010213865 0.0 1.3826691888 1.48796244838 1.48796244838 0.0 
1.51386121437 0.977495181617 0.977495181617 0.0 1.51386121437 1.46929108404 1.46929108404 0.0 
0.0 1.01495477481 1.01495477481 0.0 0.0 1.47767011818 1.47767011818 0.0 
1.46110786308 1.01249799963 1.01249799963 0.0 1.46110786308 1.49562064987 1.49562064987 0.0 
1.42320154451 1.02900665637 1.02900665637 2.94982085144 1.42320154451 2.94982085144 2.94982085144 0.0 
1.50294053729 0.988477337411 0.988477337411 2.86036752296 1.50294053729 2.86036752296 2.86036752296 0.0 
1.53628390907 1.01185252689 1.01185252689 2.84409833405 1.53628390907 2.84409833405 2.84409833405 0.0 
1.51642647851 0.988789572473 0.988789572473 2.82738887331 1.51642647851 2.82738887331 2.82738887331 0.0 
1.50950698722 1.02920330918 1.02920330918 2.78444685838 1.50950698722 2.78444685838 2.78444685838 0.0 
1.53516402599 0.976012469722 0.976012469722 2.68130983962 1.53516402599 2.68130983962 2.68130983962 0.0 
1.51085981177 1.02754713178 1.02754713178 2.60831739364 1.51085981177 2.60831739364 2.60831739364 0.0 
1.49730369434 0.996452353428 0.996452353428 2.58653611096 1.49730369434 2.58653611096 2.58653611096 0.0 
1.46164134277 0.994501993237 0.994501993237 2.59669825383 1.46164134277 2.59669825383 2.59669825383 0.0 
1.36587254773 1.0165748354 1.0165748354 2.57344161824 1.36587254773 2.57344161824 2.57344161824 0.0 
1.36731200904 1.03312492301 1.03312492301 2.57622150863 1.36731200904 2.57622150863 2.57622150863 0.0 
1.36431117514 1.02652051552 1.02652051552 2.62113599385 1.36431117514 2.62113599385 2.62113599385 0.0 
1.33281405765 0.974011108505 0.974011108505 2.61883120272 1.33281405765 2.61883120272 2.61883120272 0.0 
1.37312067712 0.99994435152 0.99994435152 2.66306779965 1.37312067712 2.66306779965 2.66306779965 0.0 
1.41076260731 1.00659443237 1.00659443237 2.64269931233 1.41076260731 2.64269931233 2.64269931233 0.0 
1.36298208594 1.02098561028 1.02098561028 2.62005156264 1.36298208594 2.62005156264 2.62005156264 0.0 
1.23359822367 1.01957832503 1.01957832503 2.65154674034 1.23359822367 2.65154674034 2.65154674034 0.0 
1.23907675342 0.976687045262 0.976687045262 2.59352358984 1.23907675342 2.59352358984 2.59352358984 0.0 
1.20717549253 1.03125605003 1.03125605003 1.18198903232 1.20717549253 0.0 1.18198903232 0.0 
1.22899813822 0.974751754434 0.974751754434 2.61899861146 1.22899813822 2.61899861146 2.61899861146 0.0 
1.205555583 0.9882488759 0.9882488759 2.64976937057 1.205555583 2.64976937057 2.64976937057 0.0 
1.30145220502 1.02518154565 1.02518154565 2.62479231667 1.30145220502 2.62479231667 2.62479231667 0.0 
1.28735267088 1.03845073088 1.03845073088 2.57558235762 1.28735267088 2.57558235762 2.57558235762 0.0 
1.33147081839 1.0028786038 1.0028786038 2.53914743225 1.33147081839 2.53914743225 2.53914743225 0.0 
0.0 1.00588204784 1.00588204784 2.56826513616 0.0 2.56826513616 2.56826513616 0.0 
0.0 1.0331783904 1.0331783904 2.63184210922 0.0 2.63184210922 2.63184210922 0.0 
0.0 1.0122217347 1.0122217347 2.63602205756 0.0 2.63602205756 2.63602205756 0.0 
0.0 0.994379312884 0.994379312884 2.64367177116 0.0 2.64367177116 2.64367177116 0.0 
0.0 0.975518822797 0.975518822797 2.6516415701 0.0 2.6516415701 2.6516415701 0.0 
0.0 1.02240421603 1.02240421603 2.69502446988 0.0 2.69502446988 2.69502446988 0.0 
1.41517250931 0.989487268014 0.989487268014 2.66011322434 1.41517250931 2.66011322434 2.66011322434 0.0 
1.25243268361 1.00181292147 1.00181292147 2.66100752897 1.25243268361 2.66100752897 2.66100752897 0.0 
1.17961875959 1.02361203917 1.02361203917 2.70346257598 1.17961875959 2.70346257598 2.70346257598 0.0 
1.19684537348 1.01567165622 1.01567165622 2.67172714488 1.19684537348 2.67172714488 2.67172714488 0.0 
1.18530389625 0.995826934372 0.995826934372 2.67441765356 1.18530389625 2.67441765356 2.67441765356 0.0 
1.1716690524 1.0040309843 1.0040309843 2.73432422997 1.1716690524 2.73432422997 2.73432422997 0.0 
1.16864643887 0.972421607291 0.972421607291 2.66096373189 1.16864643887 2.66096373189 2.66096373189 0.0 
1.17296036202 0.9879876998 0.9879876998 2.70973253136 1.17296036202 2.70973253136 2.70973253136 0.0 
1.20138173649 0.978509562777 0.978509562777 2.61892536378 1.20138173649 2.61892536378 2.61892536378 0.0 
1.16847245253 0.999647850385 0.999647850385 2.68041198202 1.16847245253 2.68041198202 2.68041198202 0.0 
1.20688486778 0.975602415603 0.975602415603 2.66748229028 1.20688486778 2.66748229028 2.66748229028 0.0 
1.17613016285 0.991922807242 0.991922807242 2.70190038049 1.17613016285 2.70190038049 2.70190038049 0.0 
1.16822975748 0.994818949066 0.994818949066 2.68815817204 1.16822975748 2.68815817204 2.68815817204 0.0 
1.18835822084 0.995620942889 0.995620942889 2.6226081967 1.18835822084 2.6226081967 2.6226081967 0.0 
1.17827840214 0.97112824454 0.97112824454 2.70696467124 1.17827840214 2.70696467124 2.70696467124 0.0 
1.17762757466 1.00582471722 1.00582471722 1.20383187922 1.17762757466 0.0 1.20383187922 0.0 
1.16877376791 0.997203329629 0.997203329629 2.78962972951 1.16877376791 2.78962972951 2.78962972951 0.0 
1.18526235612 1.02046453236 1.02046453236 2.69083058824 1.18526235612 2.69083058824 2.69083058824 0.0 
1.17744082384 0.978824885116 0.978824885116 2.68888276731 1.17744082384 2.68888276731 2.68888276731 0.0 
1.16349233948 1.01256247322 1.01256247322 2.68167284495 1.16349233948 2.68167284495 2.68167284495 0.0 
1.16362960074 1.0048062178 1.0048062178 2.66715722189 1.16362960074 2.66715722189 2.66715722189 0.0 
1.18948997612 0.972500585939 0.972500585939 2.72707639253 1.18948997612 2.72707639253 2.72707639253 0.0 
1.16740111687 1.02405699273 1.02405699273 2.75068537906 1.16740111687 2.75068537906 2.75068537906 0.0 
1.1770934975 0.99884978806 0.99884978806 2.70097474935 1.1770934975 2.70097474935 2.70097474935 0.0 
1.15587050105 1.00920920474 1.00920920474 2.66101046879 1.15587050105 2.66101046879 2.66101046879 0.0 
1.19284773848 0.977535765048 0.977535765048 2.67462008955 1.19284773848 2.67462008955 2.67462008955 0.0 
1.18950397556 1.01102759034 1.01102759034 2.69370642709 1.18950397556 2.69370642709 2.69370642709 0.0 
1.15372288367 0.975536423369 0.975536423369 2.6441785378 1.15372288367 2.6441785378 2.6441785378 0.0 
1.18349830244 1.03546693992 1.03546693992 2.67685531138 1.18349830244 2.67685531138 2.67685531138 0.0 
1.15695114902 0.990617714113 0.990617714113 2.69087356698 1.15695114902 2.69087356698 2.69087356698 0.0 
1.21458452503 0.964209289164 0.964209289164 2.64575799434 1.21458452503 2.64575799434 2.64575799434 0.0 
1.17382367021 0.996708642919 0.996708642919 2.70543287099 1.17382367021 2.70543287099 2.70543287099 0.0 
1.18120312411 1.01834041865 1.01834041865 2.64464647779 1.18120312411 2.64464647779 2.64464647779 0.0 
1.17948722922 0.946403244424 0.946403244424 2.70177089981 1.17948722922 2.70177089981 2.70177089981 0.0 
1.20019002966 1.0000736453 1.0000736453 2.66021425461 1.20019002966 2.66021425461 2.66021425461 0.0 
1.19741066888 0.984490654175 0.984490654175 2.64317631454 1.19741066888 2.64317631454 2.64317631454 0.0 
1.18772720187 0.976075179271 0.976075179271 2.63518564979 1.18772720187 2.63518564979 2.63518564979 0.0 
1.1733472573 1.0004017103 1.0004017103 2.66167965998 1.1733472573 2.66167965998 2.66167965998 0.0 
1.18820014401 1.02210707491 1.02210707491 2.6656052874 1.18820014401 2.6656052874 2.6656052874 0.0 
1.15797946209 0.952286016294 0.952286016294 2.70759174769 1.15797946209 2.70759174769 2.70759174769 0.0 
1.16584315414 1.03573384004 1.03573384004 2.65114058689 1.16584315414 2.65114058689 2.65114058689 0.0 
1.15640098263 1.00410379102 1.00410379102 1.17184916091 1.15640098263 0.0 1.17184916091 0.0 
1.15073410968 1.01763688274 1.01763688274 2.6518118921 1.15073410968 2.6518118921 2.6518118921 0.0 
1.17029293578 1.01314851194 1.01314851194 2.53640382669 1.17029293578 2.53640382669 2.53640382669 0.0 
1.16592095617 1.01542897005 1.01542897005 2.59218347345 1.16592095617 2.59218347345 2.59218347345 0.0 
1.18471197462 0.977228939938 0.977228939938 2.62250755765 1.18471197462 2.62250755765 2.62250755765 0.0 
1.19024249013 0.992570363862 0.992570363862 2.61594048805 1.19024249013 2.61594048805 2.61594048805 0.0 
1.18346335862 0.995399829293 0.995399829293 2.68440858778 1.18346335862 2.68440858778 2.68440858778 0.0 
1.19549892656 0.983126050017 0.983126050017 2.6440171578 1.19549892656 2.6440171578 2.6440171578 0.0 
1.17596350244 1.02236574533 1.02236574533 2.629119999 1.17596350244 2.629119999 2.629119999 0.0 
1.18231403161 1.02064406736 1.02064406736 2.64145810593 1.18231403161 2.64145810593 2.64145810593 0.0 
1.20447607071 0.971791967923 0.971791967923 2.57053000045 1.20447607071 2.57053000045 2.57053000045 0.0 
1.20117447776 0.997914818079 0.997914818079 2.64464796303 1.20117447776 2.64464796303 2.64464796303 0.0 
1.21679674844 1.00469573009 1.00469573009 1.20680845962 1.21679674844 0.0 1.20680845962 0.0 
1.21022676553 1.02378683495 1.02378683495 1.20965758706 1.21022676553 0.0 1.20965758706 0.0 
1.19474397615 1.01245340331 1.01245340331 2.59563004423 1.19474397615 2.59563004423 2.59563004423 0.0 
1.17647501709 0.994135629529 0.994135629529 2.67682572662 1.17647501709 2.67682572662 2.67682572662 0.0 
1.17346495225 1.01599025654 1.01599025654 2.64546967021 1.17346495225 2.64546967021 2.64546967021 0.0 
1.16786958923 1.02153373472 1.02153373472 2.60323977034 1.16786958923 2.60323977034 2.60323977034 0.0 
1.18348419653 0.984090984126 0.984090984126 2.65487462614 1.18348419653 2.65487462614 2.65487462614 0.0 
1.19336770134 1.01587797018 1.01587797018 1.14883231425 1.19336770134 0.0 1.14883231425 0.0 
1.16843334593 1.00721534467 1.00721534467 0.961650882082 1.16843334593 0.0 0.961650882082 0.0 
1.17744035845 1.02359128713 1.02359128713 2.30047868457 1.17744035845 2.30047868457 2.30047868457 0.0 
1.17058715676 0.978009432033 0.978009432033 1.00628506515 1.17058715676 0.0 1.00628506515 0.0 
1.17752584479 0.998691555261 0.998691555261 1.01899228559 1.17752584479 0.0 1.01899228559 0.0 
1.18354037855 0.999396380738 0.999396380738 2.26208167085 1.18354037855 2.26208167085 2.26208167085 0.0 
1.18840529465 1.01912729247 1.01912729247 2.28190631617 1.18840529465 2.28190631617 2.28190631617 0.0 
1.24845118144 0.993872063114 0.993872063114 2.31298478644 1.24845118144 2.31298478644 2.31298478644 0.0 
1.30372335597 1.00285110167 1.00285110167 2.28166547989 1.30372335597 2.28166547989 2.28166547989 0.0 
1.20148185479 1.02818577167 1.02818577167 2.17262564392 1.20148185479 2.17262564392 2.17262564392 0.0 
1.18107419427 1.0375108836 1.0375108836 2.3362631659 1.18107419427 2.3362631659 2.3362631659 0.0 
1.18730051502 1.00660408211 1.00660408211 1.03709231922 1.18730051502 0.0 1.03709231922 0.0 
1.18046311454 0.998181430354 0.998181430354 2.50652802914 1.18046311454 2.50652802914 2.50652802914 0.0 
1.16691635125 0.966628480952 0.966628480952 2.44252274765 1.16691635125 2.44252274765 2.44252274765 0.0 
1.16663573214 0.965194930755 0.965194930755 2.46959329203 1.16663573214 2.46959329203 2.46959329203 0.0 
1.18377561956 1.00504157259 1.00504157259 2.38641603759 1.18377561956 2.38641603759 2.38641603759 0.0 
1.19116589052 1.00645348574 1.00645348574 2.42756349574 1.19116589052 2.42756349574 2.42756349574 0.0 
1.18927134318 0.991163759601 0.991163759601 1.0303538687 1.18927134318 0.0 1.0303538687 0.0 
1.17404287257 0.999656482577 0.999656482577 2.31733149644 1.17404287257 2.31733149644 2.31733149644 0.0 
1.18072386701 0.980453432732 0.980453432732 2.34105467975 1.18072386701 2.34105467975 2.34105467975 0.0 
1.17947803777 1.0080665148 1.0080665148 2.33002652809 1.17947803777 2.33002652809 2.33002652809 0.0 
1.1723053657 0.967222553127 0.967222553127 2.38264844671 1.1723053657 2.38264844671 2.38264844671 0.0 
1.18409632099 1.02561197816 1.02561197816 2.38257113832 1.18409632099 2.38257113832 2.38257113832 0.0 
1.17432035704 0.969154947562 0.969154947562 2.36740156556 1.17432035704 2.36740156556 2.36740156556 0.0 
1.18357698397 0.983140328827 0.983140328827 2.34851586732 1.18357698397 2.34851586732 2.34851586732 0.0 
1.17716459565 1.01033083434 1.01033083434 2.31520961112 1.17716459565 2.31520961112 2.31520961112 0.0 
1.18625370384 1.01078364887 1.01078364887 0.967180470064 1.18625370384 0.0 0.967180470064 0.0 
1.19407900697 1.02539635257 1.02539635257 2.33179203313 1.19407900697 2.33179203313 2.33179203313 0.0 
1.17590316989 0.981094288118 0.981094288118 2.37221359046 1.17590316989 2.37221359046 2.37221359046 0.0 
1.17230138004 0.960305324394 0.960305324394 2.34150505611 1.17230138004 2.34150505611 2.34150505611 0.0 
1.17659248749 1.03436908536 1.03436908536 2.36748653805 1.17659248749 2.36748653805 2.36748653805 0.0 
1.17420621701 0.990916971408 0.990916971408 2.38881597092 1.17420621701 2.38881597092 2.38881597092 0.0 
3.2175895326 1.00396198182 1.00396198182 3.2175895326 3.2175895326 3.2175895326 3.2175895326 0.0 
1.17432374492 0.991936486716 0.991936486716 2.36811653892 1.17432374492 2.36811653892 2.36811653892 0.0 
1.18442498946 1.00723493583 1.00723493583 2.32797377745 1.18442498946 2.32797377745 2.32797377745 0.0 
1.17502081904 0.993095196305 0.993095196305 2.34858759935 1.17502081904 2.34858759935 2.34858759935 0.0 
1.17675378414 1.00825079165 1.00825079165 2.36696046427 1.17675378414 2.36696046427 2.36696046427 0.0 
1.17196476272 0.977937222224 0.977937222224 2.37388973797 1.17196476272 2.37388973797 2.37388973797 0.0 
1.18729719071 1.02358840889 1.02358840889 2.35414447961 1.18729719071 2.35414447961 2.35414447961 0.0 
1.17188603614 1.00561257881 1.00561257881 2.36473021765 1.17188603614 2.36473021765 2.36473021765 0.0 
1.18987135053 0.98558956692 0.98558956692 2.3655728475 1.18987135053 2.3655728475 2.3655728475 0.0 
1.17445959072 0.996036072594 0.996036072594 2.31602288879 1.17445959072 2.31602288879 2.31602288879 0.0 
1.19327947365 0.968851228958 0.968851228958 2.12169031264 1.19327947365 2.12169031264 2.12169031264 0.0 
1.17072666999 1.00775814008 1.00775814008 2.26209377654 1.17072666999 2.26209377654 2.26209377654 0.0 
1.18462037459 0.976604751664 0.976604751664 2.23482503345 1.18462037459 2.23482503345 2.23482503345 0.0 
1.17583988676 0.952291422956 0.952291422956 2.17565922738 1.17583988676 2.17565922738 2.17565922738 0.0 
1.18772604864 1.11412734534 1.11412734534 2.08804172357 1.18772604864 2.08804172357 2.08804172357 0.0 
1.21035119194 1.20009534458 1.20009534458 2.13237588615 1.21035119194 2.13237588615 2.13237588615 0.0 
1.2174538483 1.19078588814 1.19078588814 2.09957382181 1.2174538483 2.09957382181 2.09957382181 0.0 
1.19832911133 1.15975442967 1.15975442967 2.15980188781 1.19832911133 2.15980188781 2.15980188781 0.0 
1.24865554574 1.18498404887 1.18498404887 2.07484948121 1.24865554574 2.07484948121 2.07484948121 0.0 
1.1943448987 1.20713461107 1.20713461107 2.07689240905 1.1943448987 2.07689240905 2.07689240905 0.0 
1.16140493916 1.20485090226 1.20485090226 2.04487312143 1.16140493916 2.04487312143 2.04487312143 0.0 
1.16050750641 1.18738416564 1.18738416564 2.05710511324 1.16050750641 2.05710511324 2.05710511324 0.0 
1.17660057269 1.16901972713 1.16901972713 2.08055237783 1.17660057269 2.08055237783 2.08055237783 0.0 
1.190569721 1.17287666519 1.17287666519 1.95833369888 1.190569721 1.95833369888 1.95833369888 0.0 
1.18635331324 1.17021605359 1.17021605359 2.01290247015 1.18635331324 2.01290247015 2.01290247015 0.0 
1.17301512972 1.16843613307 1.16843613307 2.06507117383 1.17301512972 2.06507117383 2.06507117383 0.0 
1.18461025313 1.18989076179 1.18989076179 2.1013738167 1.18461025313 2.1013738167 2.1013738167 0.0 
1.1963785893 1.17091893255 1.17091893255 2.08475704092 1.1963785893 2.08475704092 2.08475704092 0.0 
1.17175938612 1.16119495902 1.16119495902 1.97874144908 1.17175938612 1.97874144908 1.97874144908 0.0 
1.16828363447 1.16230310374 1.16230310374 2.02639889374 1.16828363447 2.02639889374 2.02639889374 0.0 
1.20550948744 1.17993816146 1.17993816146 2.0004129232 1.20550948744 2.0004129232 2.0004129232 0.0 
1.21006478697 1.17846497666 1.17846497666 2.05798618665 1.21006478697 2.05798618665 2.05798618665 0.0 
1.18118616661 1.17027194735 1.17027194735 2.08763183515 1.18118616661 2.08763183515 2.08763183515 0.0 
1.21591176718 1.18816354787 1.18816354787 2.10993329414 1.21591176718 2.10993329414 2.10993329414 0.0 
1.21268939084 1.18721208913 1.18721208913 2.13549536059 1.21268939084 2.13549536059 2.13549536059 0.0 
1.20586562822 1.18699360999 1.18699360999 2.11427696291 1.20586562822 2.11427696291 2.11427696291 0.0 
1.16777580012 1.20332816071 1.20332816071 2.11959819949 1.16777580012 2.11959819949 2.11959819949 0.0 
1.179364599 1.17697625168 1.17697625168 2.12530571445 1.179364599 2.12530571445 2.12530571445 0.0 
1.20857686256 1.19453722303 1.19453722303 2.07980623122 1.20857686256 2.07980623122 2.07980623122 0.0 
1.18188614474 1.18371882045 1.18371882045 2.11927911475 1.18188614474 2.11927911475 2.11927911475 0.0 
1.18510228091 1.16561345483 1.16561345483 2.10883015718 1.18510228091 2.10883015718 2.10883015718 0.0 
1.17204576002 1.17196096931 1.17196096931 2.11846488403 1.17204576002 2.11846488403 2.11846488403 0.0 
1.17115681291 1.17992723406 1.17992723406 2.06290679895 1.17115681291 2.06290679895 2.06290679895 0.0 
1.17913358442 1.17137434383 1.17137434383 1.99223558005 1.17913358442 1.99223558005 1.99223558005 0.0 
1.16764179395 1.19414627325 1.19414627325 2.01415742221 1.16764179395 2.01415742221 2.01415742221 0.0 
1.18021164432 1.17415716836 1.17415716836 2.04478358525 1.18021164432 2.04478358525 2.04478358525 0.0 
1.18415598635 1.16922412065 1.16922412065 2.03361511279 1.18415598635 2.03361511279 2.03361511279 0.0 
1.18714981321 1.30473891055 1.30473891055 2.02358064842 1.18714981321 2.02358064842 2.02358064842 0.0 
1.16793462961 1.24460505942 1.24460505942 2.04271936494 1.16793462961 2.04271936494 2.04271936494 0.0 
1.16850567795 1.24408085 1.24408085 2.03424164189 1.16850567795 2.03424164189 2.03424164189 0.0 
1.17182001175 1.21621870862 1.21621870862 1.98228283297 1.17182001175 1.98228283297 1.98228283297 0.0 
1.17275447612 1.17800435957 1.17800435957 2.04079929098 1.17275447612 2.04079929098 2.04079929098 0.0 
1.19765948025 1.18647684344 1.18647684344 1.96467186433 1.19765948025 1.96467186433 1.96467186433 0.0 
1.1945720597 1.17136090968 1.17136090968 2.03824642273 1.1945720597 2.03824642273 2.03824642273 0.0 
1.17165371512 1.17523085189 1.17523085189 2.02455643893 1.17165371512 2.02455643893 2.02455643893 0.0 
1.23576505671 1.18853884364 1.18853884364 2.03044152855 1.23576505671 2.03044152855 2.03044152855 0.0 
1.34813761471 1.17588035583 1.17588035583 1.97319561019 1.34813761471 1.97319561019 1.97319561019 0.0 
0.0 1.17623012518 1.17623012518 2.0568732537 1.40194948933 2.0568732537 2.0568732537 1.40194948933 
0.0 1.1764690526 1.1764690526 2.01878590335 1.37975119166 2.01878590335 2.01878590335 1.37975119166 
0.0 1.17137797395 1.17137797395 2.01058806973 1.44282000932 2.01058806973 2.01058806973 1.44282000932 
0.0 1.18986310739 1.18986310739 2.06558529729 1.51103334772 2.06558529729 2.06558529729 1.51103334772 
2.10019365515 1.18482245636 1.18482245636 2.01229012653 2.10019365515 2.01229012653 2.01229012653 2.10019365515 
1.5014906131 1.22096350965 1.22096350965 1.97948470612 1.5014906131 1.97948470612 1.97948470612 0.0 
1.51041137512 1.18613972888 1.18613972888 2.08709354964 1.51041137512 2.08709354964 2.08709354964 0.0 
2.02151989822 1.16985257923 1.16985257923 1.97899300996 2.02151989822 1.97899300996 1.97899300996 2.02151989822 
1.41966149276 1.17328076651 1.17328076651 1.99319388225 1.41966149276 1.99319388225 1.99319388225 0.0 
1.50053028087 1.22009848191 1.22009848191 1.96930142664 1.50053028087 1.96930142664 1.96930142664 0.0 
1.90039325435 1.17354034428 1.17354034428 2.06560998656 1.90039325435 2.06560998656 2.06560998656 1.90039325435 
1.8869190788 1.18461786528 1.18461786528 1.94828683114 1.8869190788 1.94828683114 1.94828683114 1.8869190788 
1.94986421362 1.17885534368 1.17885534368 2.05151647586 1.94986421362 2.05151647586 2.05151647586 1.94986421362 
2.06236561665 1.16850471972 1.16850471972 1.92873572395 2.06236561665 1.92873572395 1.92873572395 2.06236561665 
2.02331749897 1.17054626206 1.17054626206 2.09828724602 2.02331749897 2.09828724602 2.09828724602 2.02331749897 
0.0 1.19808005468 1.19808005468 2.10355078807 1.20223729542 2.10355078807 2.10355078807 1.20223729542 
2.02514109499 1.17406146228 1.17406146228 2.12047650538 2.02514109499 2.12047650538 2.12047650538 2.02514109499 
2.08301917635 1.18003706697 1.18003706697 2.10746748787 2.08301917635 2.10746748787 2.10746748787 2.08301917635 
2.08486496736 1.18064216973 1.18064216973 2.16017564354 2.08486496736 2.16017564354 2.16017564354 2.08486496736 
0.0 1.1649643818 1.1649643818 2.13739838605 1.31026992983 2.13739838605 2.13739838605 1.31026992983 
2.07498199765 1.17356294482 1.17356294482 2.12477529168 2.07498199765 2.12477529168 2.12477529168 2.07498199765 
1.90201788406 0.0 0.0 2.16634138853 1.90201788406 2.16634138853 2.16634138853 1.90201788406 
1.9653767364 1.17781994117 1.17781994117 2.13144121203 1.9653767364 2.13144121203 2.13144121203 1.9653767364 
0.0 1.14689331554 1.14689331554 2.10125880052 1.14004032262 2.10125880052 2.10125880052 1.14004032262 
0.0 1.14192857516 1.14192857516 2.0044722654 1.18292166327 2.0044722654 2.0044722654 1.18292166327 
0.0 1.13379920054 1.13379920054 2.07995318133 1.15940421481 2.07995318133 2.07995318133 1.15940421481 
0.0 1.16869007828 1.16869007828 2.16059319266 1.18110735104 2.16059319266 2.16059319266 1.18110735104 
0.0 1.17341943712 1.17341943712 2.10466996386 1.16771958 2.10466996386 2.10466996386 1.16771958 
0.0 1.18338959344 1.18338959344 2.09337019655 1.19189492816 2.09337019655 2.09337019655 1.19189492816 
0.0 1.17039040886 1.17039040886 2.03678365993 1.2512985888 2.03678365993 2.03678365993 1.2512985888 
0.0 1.19916952947 1.19916952947 2.07307933682 1.21653298343 2.07307933682 2.07307933682 1.21653298343 
0.0 1.15174540581 1.15174540581 2.01397975504 1.20591658068 2.01397975504 2.01397975504 1.20591658068 
0.0 1.15718877493 1.15718877493 1.96056936736 1.16988383079 1.96056936736 1.96056936736 1.16988383079 
0.0 1.16122551687 1.16122551687 1.95273582815 1.20178276773 1.95273582815 1.95273582815 1.20178276773 
0.0 1.25047667254 1.25047667254 1.90258908108 1.27776470841 1.90258908108 1.90258908108 1.27776470841 
0.0 1.15018083927 1.15018083927 1.97797915737 1.38953842328 1.97797915737 1.97797915737 1.38953842328 
0.0 1.01433798748 1.01433798748 1.9051113013 1.45997669062 1.9051113013 1.9051113013 1.45997669062 
0.0 1.02578787603 1.02578787603 1.95746473217 1.57203218075 1.95746473217 1.95746473217 1.57203218075 
0.0 1.00175976792 1.00175976792 1.97637762013 1.48352312801 1.97637762013 1.97637762013 1.48352312801 
0.0 1.02220199703 1.02220199703 2.05311241683 0.0 2.05311241683 2.05311241683 0.0 
0.0 0.971921759024 0.971921759024 1.95172282585 1.50237317714 1.95172282585 1.95172282585 1.50237317714 
0.0 1.01362642614 1.01362642614 1.98200946885 1.56600497592 1.98200946885 1.98200946885 1.56600497592 
0.0 0.989229099306 0.989229099306 1.9996046815 1.51125583257 1.9996046815 1.9996046815 1.51125583257 
0.0 0.986049540619 0.986049540619 1.95287067169 1.56560506611 1.95287067169 1.95287067169 1.56560506611 
0.0 1.02017901692 1.02017901692 1.96389165162 1.54981274051 1.96389165162 1.96389165162 1.54981274051 
0.0 0.993744971609 0.993744971609 2.04344366676 1.47967678799 2.04344366676 2.04344366676 1.47967678799 
0.0 1.00006818012 1.00006818012 2.01165254177 0.0 2.01165254177 2.01165254177 0.0 
0.0 1.00357700045 1.00357700045 1.93898086435 1.56581049273 1.93898086435 1.93898086435 1.56581049273 
0.0 1.0037214539 1.0037214539 2.06101204183 1.49507776919 2.06101204183 2.06101204183 1.49507776919 
0.0 1.0391372534 1.0391372534 2.02224712021 1.58502333249 2.02224712021 2.02224712021 1.58502333249 
0.0 1.0149559242 1.0149559242 1.88261520871 1.5522204707 1.88261520871 1.88261520871 1.5522204707 
0.0 1.04096636034 1.04096636034 1.99028806137 1.50754160324 1.99028806137 1.99028806137 1.50754160324 
0.0 1.02883545555 1.02883545555 2.05967641764 0.0 2.05967641764 2.05967641764 0.0 
0.0 0.973624559917 0.973624559917 1.9489419427 1.51282424797 1.9489419427 1.9489419427 1.51282424797 
0.0 1.15124938706 1.15124938706 2.00193466384 1.52992004356 2.00193466384 2.00193466384 1.52992004356 
0.0 1.21075414382 1.21075414382 2.00114982908 1.55155646852 2.00114982908 2.00114982908 1.55155646852 
0.0 1.16660278559 1.16660278559 1.94950370242 1.44236035194 1.94950370242 1.94950370242 1.44236035194 
1.67687880189 1.16593412409 1.16593412409 2.00491081244 1.67687880189 2.00491081244 2.00491081244 1.67687880189 
0.0 1.19152094607 1.19152094607 1.95579094084 1.49020037076 1.95579094084 1.95579094084 1.49020037076 
1.58108253085 1.17478535108 1.17478535108 1.95937192731 1.58108253085 1.95937192731 1.95937192731 1.58108253085 
0.0 1.17450664336 1.17450664336 1.91263562486 1.45919280429 1.91263562486 1.91263562486 1.45919280429 
0.0 1.17515071086 1.17515071086 1.96523573609 1.49372913822 1.96523573609 1.96523573609 1.49372913822 
0.0 1.19002759739 1.19002759739 1.93558177525 0.0 1.93558177525 1.93558177525 0.0 
1.47845876907 1.16334512267 1.16334512267 2.01129217773 1.47845876907 2.01129217773 2.01129217773 0.0 
1.44649036306 1.17873407568 1.17873407568 2.07534872679 1.44649036306 2.07534872679 2.07534872679 0.0 
1.47392083679 1.17789333853 1.17789333853 2.11031074744 1.47392083679 2.11031074744 2.11031074744 0.0 
0.0 1.17226687678 1.17226687678 1.98972953461 0.0 1.98972953461 1.98972953461 0.0 
0.0 1.15940220891 1.15940220891 2.03574425106 1.46782212761 2.03574425106 2.03574425106 1.46782212761 
0.0 1.1184187756 1.1184187756 1.99296051937 1.4953863588 1.99296051937 1.99296051937 1.4953863588 
0.0 0.990113088403 0.990113088403 1.92874805363 1.52352780825 1.92874805363 1.92874805363 1.52352780825 
0.0 0.0 0.0 2.01951702104 0.0 2.01951702104 2.01951702104 0.0 
1.53493046988 0.968782949359 0.968782949359 2.03732450354 1.53493046988 2.03732450354 2.03732450354 0.0 
2.00607548646 1.0326890656 1.0326890656 1.91400183748 2.00607548646 1.91400183748 1.91400183748 2.00607548646 
1.98856514526 1.03038445484 1.03038445484 1.98980831931 1.98856514526 1.98980831931 1.98980831931 1.98856514526 
2.01496159478 1.00010375252 1.00010375252 1.98109562245 2.01496159478 1.98109562245 1.98109562245 2.01496159478 
1.95949295244 0.987195118548 0.987195118548 2.01742074472 1.95949295244 2.01742074472 2.01742074472 1.95949295244 
1.98591546904 1.00561197214 1.00561197214 1.99162715678 1.98591546904 1.99162715678 1.99162715678 1.98591546904 
1.91955317313 1.05874159101 1.05874159101 1.98239459877 1.91955317313 1.98239459877 1.98239459877 1.91955317313 
1.88874225158 0.985485109173 0.985485109173 1.97901348413 1.88874225158 1.97901348413 1.97901348413 1.88874225158 
1.91756515848 1.02307854038 1.02307854038 2.03930461512 1.91756515848 2.03930461512 2.03930461512 1.91756515848 
0.0 1.00842647864 1.00842647864 2.01635251996 1.62008376621 2.01635251996 2.01635251996 1.62008376621 
2.01321522355 1.04405725197 1.04405725197 1.94547661406 2.01321522355 1.94547661406 1.94547661406 2.01321522355 
0.0 1.05336264701 1.05336264701 2.04985574953 0.0 2.04985574953 2.04985574953 0.0 
0.0 1.02604348314 1.02604348314 1.95791535363 0.0 1.95791535363 1.95791535363 0.0 
0.0 1.03287567149 1.03287567149 2.03348877282 0.0 2.03348877282 2.03348877282 0.0 
0.0 1.02003028144 1.02003028144 1.96947038592 0.0 1.96947038592 1.96947038592 0.0 
0.0 0.987226696993 0.987226696993 1.93060219371 0.0 1.93060219371 1.93060219371 0.0 
0.0 1.02695657812 1.02695657812 1.93510276495 0.0 1.93510276495 1.93510276495 0.0 
0.0 1.03284994106 1.03284994106 1.97830927221 0.0 1.97830927221 1.97830927221 0.0 
0.0 1.03588108716 1.03588108716 1.95661141763 0.0 1.95661141763 1.95661141763 0.0 
0.0 1.05344151207 1.05344151207 1.93531158549 0.0 1.93531158549 1.93531158549 0.0 
0.0 1.03089153638 1.03089153638 1.96763982847 0.0 1.96763982847 1.96763982847 0.0 
0.0 1.00305518441 1.00305518441 1.99452932341 0.0 1.99452932341 1.99452932341 0.0 
0.0 1.01651410881 1.01651410881 1.99979500207 0.0 1.99979500207 1.99979500207 0.0 
0.0 0.984983393157 0.984983393157 2.00316378996 0.0 2.00316378996 2.00316378996 0.0 
0.0 1.00407992128 1.00407992128 2.02947036432 0.0 2.02947036432 2.02947036432 0.0 
0.0 0.989707305907 0.989707305907 1.95761822993 0.0 1.95761822993 1.95761822993 0.0 
0.0 1.02392219134 1.02392219134 2.03532187817 0.0 2.03532187817 2.03532187817 0.0 
0.0 1.00234170127 1.00234170127 2.01117033376 1.60227716889 2.01117033376 2.01117033376 1.60227716889 
0.0 0.989166481521 0.989166481521 1.96558604725 1.46043917012 1.96558604725 1.96558604725 1.46043917012 
0.0 1.0116742053 1.0116742053 1.99004947229 1.50014408183 1.99004947229 1.99004947229 1.50014408183 
0.0 0.998573745381 0.998573745381 1.99292132686 0.0 1.99292132686 1.99292132686 0.0 
0.0 0.974998394909 0.974998394909 1.97599145091 0.0 1.97599145091 1.97599145091 0.0 
0.0 0.997362299468 0.997362299468 1.98674177054 0.0 1.98674177054 1.98674177054 0.0 
0.0 1.01117257847 1.01117257847 1.9832190166 0.0 1.9832190166 1.9832190166 0.0 
0.0 1.01575637203 1.01575637203 2.02675642748 1.49653918294 2.02675642748 2.02675642748 1.49653918294 
0.0 1.0098013972 1.0098013972 2.03707817948 1.48387255704 2.03707817948 2.03707817948 1.48387255704 
0.0 1.01491825148 1.01491825148 1.96725185027 1.60695114438 1.96725185027 1.96725185027 1.60695114438 
0.0 1.02588500092 1.02588500092 1.98164002915 1.49536590946 1.98164002915 1.98164002915 1.49536590946 
0.0 0.987379845602 0.987379845602 1.96466529158 0.0 1.96466529158 1.96466529158 0.0 
0.0 1.01946987427 1.01946987427 1.97359040045 0.0 1.97359040045 1.97359040045 0.0 
0.0 0.975111569142 0.975111569142 1.99991723483 0.0 1.99991723483 1.99991723483 0.0 
0.0 1.02433209292 1.02433209292 2.00449162703 0.0 2.00449162703 2.00449162703 0.0 
0.0 1.01319783473 1.01319783473 1.98150843673 1.5761328954 1.98150843673 1.98150843673 1.5761328954 
0.0 0.989053433417 0.989053433417 2.01061755903 1.51256313722 2.01061755903 2.01061755903 1.51256313722 
0.0 1.01244574559 1.01244574559 2.00864097508 1.54096398273 2.00864097508 2.00864097508 1.54096398273 
0.0 0.99732246981 0.99732246981 1.95180600516 1.52220255196 1.95180600516 1.95180600516 1.52220255196 
0.0 0.979539606461 0.979539606461 1.9873506011 1.51222047743 1.9873506011 1.9873506011 1.51222047743 
0.0 1.01122631345 1.01122631345 2.03898490947 1.57420839587 2.03898490947 2.03898490947 1.57420839587 
0.0 0.995181505838 0.995181505838 1.95120159591 1.50650822264 1.95120159591 1.95120159591 1.50650822264 
0.0 1.04310412929 1.04310412929 2.00662322657 1.53852787426 2.00662322657 2.00662322657 1.53852787426 
0.0 1.01798251763 1.01798251763 2.00888463176 1.53276450751 2.00888463176 2.00888463176 1.53276450751 
0.0 1.02481379992 1.02481379992 1.97239414334 1.52874961758 1.97239414334 1.97239414334 1.52874961758 
0.0 1.02335723976 1.02335723976 1.96440150386 1.53242861062 1.96440150386 1.96440150386 1.53242861062 
0.0 1.00218238153 1.00218238153 1.97125147419 1.58092758117 1.97125147419 1.97125147419 1.58092758117 
0.0 1.00195838092 1.00195838092 1.95128602686 1.50091720131 1.95128602686 1.95128602686 1.50091720131 
0.0 1.02320827669 1.02320827669 2.01801897328 1.52148631046 2.01801897328 2.01801897328 1.52148631046 
0.0 1.03126930295 1.03126930295 1.96905465859 1.53644252043 1.96905465859 1.96905465859 1.53644252043 
0.0 1.03274889236 1.03274889236 1.96747279627 1.48521707981 1.96747279627 1.96747279627 1.48521707981 
0.0 1.01242240637 1.01242240637 2.00144541542 1.51618444798 2.00144541542 2.00144541542 1.51618444798 
0.0 1.00506841898 1.00506841898 1.99755732576 1.52265905359 1.99755732576 1.99755732576 1.52265905359 
0.0 0.999711832019 0.999711832019 1.97342621139 1.52543795437 1.97342621139 1.97342621139 1.52543795437 
0.0 0.994831366503 0.994831366503 2.004772948 1.51935693525 2.004772948 2.004772948 1.51935693525 
0.0 1.02520091522 1.02520091522 1.95752335032 1.51887579677 1.95752335032 1.95752335032 1.51887579677 
0.0 0.988510676793 0.988510676793 1.97035381767 1.54108543398 1.97035381767 1.97035381767 1.54108543398 
0.0 0.986356414107 0.986356414107 2.01484706909 1.51111587278 2.01484706909 2.01484706909 1.51111587278 
0.0 0.985328498861 0.985328498861 1.96044778883 1.44221124281 1.96044778883 1.96044778883 1.44221124281 
0.0 1.02139038661 1.02139038661 1.98282336171 1.52931800179 1.98282336171 1.98282336171 1.52931800179 
0.0 1.0197446698 1.0197446698 2.00840692811 1.50427077856 2.00840692811 2.00840692811 1.50427077856 
0.0 0.989778551117 0.989778551117 2.02891424615 1.54151325426 2.02891424615 2.02891424615 1.54151325426 
0.0 0.99752057009 0.99752057009 2.04850868596 1.53756947371 2.04850868596 2.04850868596 1.53756947371 
0.0 1.03583435713 1.03583435713 2.04055417866 1.54490409177 2.04055417866 2.04055417866 1.54490409177 
0.0 0.986425054205 0.986425054205 1.9924381683 1.51108101257 1.9924381683 1.9924381683 1.51108101257 
0.0 1.00455862416 1.00455862416 2.00135001808 1.52765397176 2.00135001808 2.00135001808 1.52765397176 
0.0 0.984288336424 0.984288336424 2.02076531467 1.55262045101 2.02076531467 2.02076531467 1.55262045101 
0.0 0.988889434485 0.988889434485 1.98548580707 1.5506604162 1.98548580707 1.98548580707 1.5506604162 
0.0 0.977583830123 0.977583830123 1.97799114176 1.46652054137 1.97799114176 1.97799114176 1.46652054137 
0.0 1.01505759243 1.01505759243 1.98624826342 0.0 1.98624826342 1.98624826342 0.0 
0.0 1.00184521229 1.00184521229 2.05720003157 0.0 2.05720003157 2.05720003157 0.0 
0.0 0.995855817887 0.995855817887 2.06660913577 0.0 2.06660913577 2.06660913577 0.0 
0.0 0.996049211461 0.996049211461 1.92393465758 1.56918680957 1.92393465758 1.92393465758 1.56918680957 
0.0 0.971626386369 0.971626386369 2.02170101789 1.44024596738 2.02170101789 2.02170101789 1.44024596738 
0.0 1.00507054493 1.00507054493 2.03293848511 1.51180828662 2.03293848511 2.03293848511 1.51180828662 
0.0 0.983283729954 0.983283729954 1.89285299055 1.59678907606 1.89285299055 1.89285299055 1.59678907606 
0.0 1.02030827179 1.02030827179 1.9896311136 1.5015019766 1.9896311136 1.9896311136 1.5015019766 
0.0 0.993006792803 0.993006792803 2.01133529531 1.51625912436 2.01133529531 2.01133529531 1.51625912436 
0.0 1.00633526582 1.00633526582 2.01512077572 1.52344330755 2.01512077572 2.01512077572 1.52344330755 
0.0 0.982952202603 0.982952202603 1.97365928586 1.59993619808 1.97365928586 1.97365928586 1.59993619808 
0.0 1.00579782178 1.00579782178 2.01106621055 1.55200561235 2.01106621055 2.01106621055 1.55200561235 
0.0 0.98191240255 0.98191240255 2.01231049782 0.0 2.01231049782 2.01231049782 0.0 
0.0 0.978909295896 0.978909295896 2.00055904753 0.0 2.00055904753 2.00055904753 0.0 
0.0 1.03879778877 1.03879778877 2.05408664107 1.55747207011 2.05408664107 2.05408664107 1.55747207011 
0.0 0.995713501121 0.995713501121 2.02347824187 1.51482008937 2.02347824187 2.02347824187 1.51482008937 
0.0 1.00411112817 1.00411112817 2.03342757804 1.56491222405 2.03342757804 2.03342757804 1.56491222405 
0.0 0.992498739061 0.992498739061 2.00224829771 1.52637738121 2.00224829771 2.00224829771 1.52637738121 
0.0 1.00730436672 1.00730436672 1.98523881842 1.54992492505 1.98523881842 1.98523881842 1.54992492505 
0.0 0.99326340189 0.99326340189 2.04775067477 1.49238349499 2.04775067477 2.04775067477 1.49238349499 
0.0 0.984529394493 0.984529394493 2.01703218908 1.51883362439 2.01703218908 2.01703218908 1.51883362439 
0.0 0.990900327406 0.990900327406 2.03263962199 1.51849171361 2.03263962199 2.03263962199 1.51849171361 
0.0 0.972822340013 0.972822340013 1.97846337228 1.53663540572 1.97846337228 1.97846337228 1.53663540572 
0.0 1.01536916879 1.01536916879 2.01414018457 1.53946513706 2.01414018457 2.01414018457 1.53946513706 
0.0 0.999347608698 0.999347608698 2.01642625954 1.46934211847 2.01642625954 2.01642625954 1.46934211847 
0.0 0.992656844823 0.992656844823 1.96447873641 1.49659088465 1.96447873641 1.96447873641 1.49659088465 
0.0 0.969015322203 0.969015322203 2.01148773235 0.0 2.01148773235 2.01148773235 0.0 
0.0 1.02363025402 1.02363025402 2.01866461597 0.0 2.01866461597 2.01866461597 0.0 
0.0 0.986948712623 0.986948712623 1.98487633289 1.54487630948 1.98487633289 1.98487633289 1.54487630948 
0.0 0.986602612223 0.986602612223 1.98240058632 0.0 1.98240058632 1.98240058632 0.0 
0.0 0.995756364878 0.995756364878 2.04578505476 0.0 2.04578505476 2.04578505476 0.0 
0.0 1.0135292932 1.0135292932 2.05282083616 0.0 2.05282083616 2.05282083616 0.0 
0.0 1.03931754109 1.03931754109 1.98883953407 1.50055926948 1.98883953407 1.98883953407 1.50055926948 
0.0 1.03914456607 1.03914456607 2.02990158336 1.59301441596 2.02990158336 2.02990158336 1.59301441596 
0.0 0.992760416348 0.992760416348 1.93114322934 1.52026752553 1.93114322934 1.93114322934 1.52026752553 
0.0 1.01330481268 1.01330481268 1.9077006919 1.58147652224 1.9077006919 1.9077006919 1.58147652224 
0.0 0.968145934139 0.968145934139 2.04652167441 1.50182283306 2.04652167441 2.04652167441 1.50182283306 
0.0 1.00180822734 1.00180822734 1.96492164359 1.51346938643 1.96492164359 1.96492164359 1.51346938643 
0.0 1.01718551776 1.01718551776 2.03336915991 1.54842037978 2.03336915991 2.03336915991 1.54842037978 
0.0 0.962633474062 0.962633474062 1.96499596743 1.51232775397 1.96499596743 1.96499596743 1.51232775397 
0.0 1.00114817941 1.00114817941 1.97380310341 1.54135550418 1.97380310341 1.97380310341 1.54135550418 
0.0 0.962535507192 0.962535507192 1.92609290989 0.0 1.92609290989 1.92609290989 0.0 
0.0 0.994237951541 0.994237951541 2.00026550123 0.0 2.00026550123 2.00026550123 0.0 
0.0 0.980466043403 0.980466043403 1.93997900031 0.0 1.93997900031 1.93997900031 0.0 
0.0 0.99971480083 0.99971480083 2.05731818997 0.0 2.05731818997 2.05731818997 0.0 
0.0 1.03342713496 1.03342713496 1.97338745247 0.0 1.97338745247 1.97338745247 0.0 
0.0 1.00298625243 1.00298625243 2.03243812986 1.49861554476 2.03243812986 2.03243812986 1.49861554476 
0.0 0.970517232786 0.970517232786 2.03531290667 1.58146779789 2.03531290667 2.03531290667 1.58146779789 
0.0 1.03400139393 1.03400139393 2.01877073909 0.0 2.01877073909 2.01877073909 0.0 
0.0 0.985770004906 0.985770004906 1.99605766203 1.47249300151 1.99605766203 1.99605766203 1.47249300151 
0.0 1.01004234013 1.01004234013 2.04302834811 1.49534929649 2.04302834811 2.04302834811 1.49534929649 
0.0 0.996959872968 0.996959872968 2.05855211563 1.5531237138 2.05855211563 2.05855211563 1.5531237138 
0.0 0.988953323683 0.988953323683 1.92896974015 1.51742305945 1.92896974015 1.92896974015 1.51742305945 
0.0 1.02769826726 1.02769826726 1.99450777525 1.50178327456 1.99450777525 1.99450777525 1.50178327456 
0.0 1.00092576041 1.00092576041 2.04433856658 1.58183806249 2.04433856658 2.04433856658 1.58183806249 
0.0 1.0063338924 1.0063338924 2.02749192671 1.48620613265 2.02749192671 2.02749192671 1.48620613265 
0.0 1.01837089108 1.01837089108 1.98143300506 1.58743544195 1.98143300506 1.98143300506 1.58743544195 
0.0 0.9778981818 0.9778981818 1.98363201527 1.49966192714 1.98363201527 1.98363201527 1.49966192714 
0.0 0.993711487938 0.993711487938 2.0581770858 1.49044371087 2.0581770858 2.0581770858 1.49044371087 
0.0 0.982472900778 0.982472900778 1.97562413665 1.50103404174 1.97562413665 1.97562413665 1.50103404174 
0.0 1.00095507981 1.00095507981 1.98367633915 1.4817395607 1.98367633915 1.98367633915 1.4817395607 
0.0 0.997516455004 0.997516455004 1.9814598284 1.49876301949 1.9814598284 1.9814598284 1.49876301949 
0.0 0.996114740994 0.996114740994 1.96294168291 1.52239291551 1.96294168291 1.96294168291 1.52239291551 
0.0 1.02273053256 1.02273053256 2.03356961315 1.48833740437 2.03356961315 2.03356961315 1.48833740437 
0.0 3.29694130287 3.29694130287 1.95927048335 3.29694130287 1.95927048335 1.95927048335 3.29694130287 
0.0 1.01408423003 1.01408423003 1.97084056526 1.52231762461 1.97084056526 1.97084056526 1.52231762461 
0.0 0.972284009991 0.972284009991 1.95240238172 1.58497359409 1.95240238172 1.95240238172 1.58497359409 
0.0 3.38386666395 3.38386666395 1.92412777704 3.38386666395 1.92412777704 1.92412777704 3.38386666395 
0.0 0.996028375962 0.996028375962 2.03399122933 1.32390473755 2.03399122933 2.03399122933 1.32390473755 
0.0 0.999945374307 0.999945374307 2.00374217597 1.17557792462 2.00374217597 2.00374217597 1.17557792462 
0.0 0.983893802869 0.983893802869 2.02690370029 1.17157141135 2.02690370029 2.02690370029 1.17157141135 
0.0 0.987313069122 0.987313069122 2.01442784687 1.20223746866 2.01442784687 2.01442784687 1.20223746866 
0.0 0.988060832298 0.988060832298 2.0422010716 1.16642046666 2.0422010716 2.0422010716 1.16642046666 
0.0 1.00631282658 1.00631282658 1.99165125847 1.17748237662 1.99165125847 1.99165125847 1.17748237662 
0.0 1.03025038922 1.03025038922 2.02334471604 1.18186861651 2.02334471604 2.02334471604 1.18186861651 
0.0 1.0008959376 1.0008959376 2.01339645465 1.17962889435 2.01339645465 2.01339645465 1.17962889435 
0.0 1.03710100588 1.03710100588 1.99645141667 1.16847461573 1.99645141667 1.99645141667 1.16847461573 
0.0 0.973883222836 0.973883222836 2.00134746015 1.19759083277 2.00134746015 2.00134746015 1.19759083277 
0.0 1.00762587148 1.00762587148 1.98541974337 1.19541198534 1.98541974337 1.98541974337 1.19541198534 
0.0 1.01139526438 1.01139526438 2.03958244123 1.2093517359 2.03958244123 2.03958244123 1.2093517359 
0.0 0.979841010626 0.979841010626 1.92611334826 1.2094975093 1.92611334826 1.92611334826 1.2094975093 
0.0 1.03682894225 1.03682894225 2.01448784011 1.19655226086 2.01448784011 2.01448784011 1.19655226086 
0.0 1.01399680218 1.01399680218 2.00553040829 1.21195087381 2.00553040829 2.00553040829 1.21195087381 
0.0 1.01494843503 1.01494843503 2.02371905881 1.1816215624 2.02371905881 2.02371905881 1.1816215624 
0.0 1.00372698494 1.00372698494 1.97509549708 1.19405858564 1.97509549708 1.97509549708 1.19405858564 
0.0 0.998118035989 0.998118035989 1.98874904316 1.20018757003 1.98874904316 1.98874904316 1.20018757003 
0.0 1.02680632237 1.02680632237 1.96916605639 1.20646151807 1.96916605639 1.96916605639 1.20646151807 
0.0 1.03691207775 1.03691207775 2.00284424569 1.15623238615 2.00284424569 2.00284424569 1.15623238615 
0.0 1.02434181191 1.02434181191 2.04181873826 1.16929863358 2.04181873826 2.04181873826 1.16929863358 
0.0 1.02595587106 1.02595587106 1.90704941292 1.16597848791 1.90704941292 1.90704941292 1.16597848791 
0.0 0.96322640626 0.96322640626 1.92394374159 1.16387984948 1.92394374159 1.92394374159 1.16387984948 
0.0 1.0177681113 1.0177681113 1.97708324938 1.16556594043 1.97708324938 1.97708324938 1.16556594043 
0.0 0.977103790272 0.977103790272 1.91927528729 1.18845052009 1.91927528729 1.91927528729 1.18845052009 
0.0 1.03285394794 1.03285394794 1.99021780492 1.16939688321 1.99021780492 1.99021780492 1.16939688321 
0.0 1.02905302985 1.02905302985 1.99086454461 1.17783593797 1.99086454461 1.99086454461 1.17783593797 
0.0 0.994964130899 0.994964130899 2.00405069576 1.18952440371 2.00405069576 2.00405069576 1.18952440371 
2.03321416783 0.973191357311 0.973191357311 1.95743084519 2.03321416783 1.95743084519 1.95743084519 2.03321416783 
2.02674167391 1.00384248112 1.00384248112 1.98788009412 2.02674167391 1.98788009412 1.98788009412 2.02674167391 
2.04159001624 0.983995180371 0.983995180371 1.97552798304 2.04159001624 1.97552798304 1.97552798304 2.04159001624 
2.0007891127 0.992390809986 0.992390809986 1.95610633914 2.0007891127 1.95610633914 1.95610633914 2.0007891127 
2.00202005843 0.985920781899 0.985920781899 1.98912263542 2.00202005843 1.98912263542 1.98912263542 2.00202005843 
1.91086709021 0.995997421023 0.995997421023 2.0148477899 1.91086709021 2.0148477899 2.0148477899 1.91086709021 
1.94503056515 0.989530789124 0.989530789124 1.95883741777 1.94503056515 1.95883741777 1.95883741777 1.94503056515 
1.9391617721 0.971594973825 0.971594973825 1.9459970952 1.9391617721 1.9459970952 1.9459970952 1.9391617721 
1.91410853692 1.01607327854 1.01607327854 1.95000506408 1.91410853692 1.95000506408 1.95000506408 1.91410853692 
1.95777325016 0.985628688587 0.985628688587 2.02882384576 1.95777325016 2.02882384576 2.02882384576 1.95777325016 
1.88186273604 1.02075128454 1.02075128454 1.96758726943 1.88186273604 1.96758726943 1.96758726943 1.88186273604 
1.84168527607 0.998548179571 0.998548179571 2.03471636889 1.84168527607 2.03471636889 2.03471636889 1.84168527607 
1.937754024 1.01734737115 1.01734737115 2.03750111766 1.937754024 2.03750111766 2.03750111766 1.937754024 
1.85386268892 1.04500986049 1.04500986049 2.01738733074 1.85386268892 2.01738733074 2.01738733074 1.85386268892 
1.91630481907 1.02234954491 1.02234954491 2.00505340337 1.91630481907 2.00505340337 2.00505340337 1.91630481907 
1.91162954923 0.996273830861 0.996273830861 1.94474309016 1.91162954923 1.94474309016 1.94474309016 1.91162954923 
1.9290493918 1.02386564843 1.02386564843 2.04446548892 1.9290493918 2.04446548892 2.04446548892 1.9290493918 
1.99614452067 1.04945039712 1.04945039712 2.00548376599 1.99614452067 2.00548376599 2.00548376599 1.99614452067 
0.0 0.975582517424 0.975582517424 1.96231190493 1.16209925493 1.96231190493 1.96231190493 1.16209925493 
1.87828130996 1.04331703006 1.04331703006 2.008538336 1.87828130996 2.008538336 2.008538336 1.87828130996 
1.99140956471 1.03461129317 1.03461129317 1.95800927481 1.99140956471 1.95800927481 1.95800927481 1.99140956471 
2.0675478767 0.975350549025 0.975350549025 2.02421440577 2.0675478767 2.02421440577 2.02421440577 2.0675478767 
0.0 1.00138996372 1.00138996372 2.02215747233 1.01710614653 2.02215747233 2.02215747233 1.01710614653 
0.0 1.00161554277 1.00161554277 2.00274581992 1.02838083515 2.00274581992 2.00274581992 1.02838083515 
0.0 1.01259121068 1.01259121068 2.02901121455 1.01844571177 2.02901121455 2.02901121455 1.01844571177 
0.0 0.992393265719 0.992393265719 2.01598990762 0.999960353747 2.01598990762 2.01598990762 0.999960353747 
0.0 1.01403966511 1.01403966511 2.0074924454 1.01168104694 2.0074924454 2.0074924454 1.01168104694 
0.0 0.991290436381 0.991290436381 1.97269137393 0.958393354419 1.97269137393 1.97269137393 0.958393354419 
0.0 0.988847763103 0.988847763103 2.00858429302 1.04049595742 2.00858429302 2.00858429302 1.04049595742 
0.0 0.983648198707 0.983648198707 2.01945123859 1.00790663835 2.01945123859 2.01945123859 1.00790663835 
0.0 1.02309176182 1.02309176182 2.0321068346 0.986334626162 2.0321068346 2.0321068346 0.986334626162 
0.0 0.982324028511 0.982324028511 1.94489181604 0.986819334351 1.94489181604 1.94489181604 0.986819334351 
0.0 1.04634230221 1.04634230221 1.98480657717 0.99632459565 1.98480657717 1.98480657717 0.99632459565 
0.0 1.03189449118 1.03189449118 1.94855434085 1.03032594542 1.94855434085 1.94855434085 1.03032594542 
0.0 1.03350199277 1.03350199277 2.00573413086 0.988568881406 2.00573413086 2.00573413086 0.988568881406 
0.0 1.00533229492 1.00533229492 1.97798725378 1.02146247862 1.97798725378 1.97798725378 1.02146247862 
0.0 1.11609409178 1.11609409178 1.9726398579 1.03742413852 1.9726398579 1.9726398579 1.03742413852 
0.0 1.10820572647 1.10820572647 2.02148567421 0.986868309704 2.02148567421 2.02148567421 0.986868309704 
0.0 0.981145252286 0.981145252286 2.00779528259 0.988786646049 2.00779528259 2.00779528259 0.988786646049 
2.18447211835 1.05330771487 1.05330771487 1.99342343721 2.18447211835 1.99342343721 1.99342343721 2.18447211835 
2.12903823229 0.998133198065 0.998133198065 1.98044936914 2.12903823229 1.98044936914 1.98044936914 2.12903823229 
0.0 0.998632993537 0.998632993537 1.99336782907 0.960674150627 1.99336782907 1.99336782907 0.960674150627 
0.0 0.97074399607 0.97074399607 2.03252173627 1.03280424598 2.03252173627 2.03252173627 1.03280424598 
0.0 1.00954302055 1.00954302055 1.97328803978 0.990785761506 1.97328803978 1.97328803978 0.990785761506 
0.0 1.02776105023 1.02776105023 1.99390708138 0.974111108641 1.99390708138 1.99390708138 0.974111108641 
0.0 0.993426817287 0.993426817287 2.00727783061 1.01344204752 2.00727783061 2.00727783061 1.01344204752 
0.0 1.1590687041 1.1590687041 1.96047179048 0.963253100814 1.96047179048 1.96047179048 0.963253100814 
0.0 1.24358376054 1.24358376054 1.94142112949 0.997657536565 1.94142112949 1.94142112949 0.997657536565 
0.0 1.30009820349 1.30009820349 1.93765648245 1.03179131393 1.93765648245 1.93765648245 1.03179131393 
0.0 1.40303209829 1.40303209829 2.00699730973 1.03874289438 2.00699730973 2.00699730973 1.03874289438 
0.0 1.40807647076 1.40807647076 2.02325665459 0.980559896776 2.02325665459 2.02325665459 0.980559896776 
0.0 1.47490327488 1.47490327488 1.97611354502 1.02500963489 1.97611354502 1.97611354502 1.02500963489 
0.0 1.57749325545 1.57749325545 2.02676887033 0.98546570341 2.02676887033 2.02676887033 0.98546570341 
0.0 1.52136825251 1.52136825251 1.98829333808 0.992619142786 1.98829333808 1.98829333808 0.992619142786 
0.0 1.50031228414 1.50031228414 2.03134230085 1.02917871477 2.03134230085 2.03134230085 1.02917871477 
0.0 1.49517041019 1.49517041019 1.99714449363 1.00829195808 1.99714449363 1.99714449363 1.00829195808 
0.0 1.52793321661 1.52793321661 2.01310928093 0.982040399911 2.01310928093 2.01310928093 0.982040399911 
0.0 1.49647395377 1.49647395377 2.05416250805 1.05803881682 2.05416250805 2.05416250805 1.05803881682 
0.0 1.46760172529 1.46760172529 1.98777212471 1.02631277333 1.98777212471 1.98777212471 1.02631277333 
0.0 1.47913135962 1.47913135962 1.98434075095 0.979437095394 1.98434075095 1.98434075095 0.979437095394 
0.0 1.52893886676 1.52893886676 2.02278932784 1.01008823367 2.02278932784 2.02278932784 1.01008823367 
0.0 1.53113360732 1.53113360732 1.94699002755 1.02486450058 1.94699002755 1.94699002755 1.02486450058 
0.0 1.52246671739 1.52246671739 2.03093400304 0.967531284945 2.03093400304 2.03093400304 0.967531284945 
0.0 1.49549622254 1.49549622254 2.01610609648 1.07621551969 2.01610609648 2.01610609648 1.07621551969 
0.0 1.54129943512 1.54129943512 1.92959825457 1.07722522601 1.92959825457 1.92959825457 1.07722522601 
0.0 1.51797506273 1.51797506273 1.97383086508 1.00555275045 1.97383086508 1.97383086508 1.00555275045 
0.0 1.61217061325 1.61217061325 2.04876182726 0.994795483953 2.04876182726 2.04876182726 0.994795483953 
0.0 1.50709242524 1.50709242524 1.9275356823 1.0098942522 1.9275356823 1.9275356823 1.0098942522 
0.0 2.75977755657 2.75977755657 1.98744353613 2.75977755657 1.98744353613 1.98744353613 2.75977755657 
0.0 2.08426625544 0.0 1.96480681843 2.08426625544 1.96480681843 1.96480681843 2.08426625544 
0.0 2.16061398597 0.0 1.96363693771 2.16061398597 1.96363693771 1.96363693771 2.16061398597 
0.0 2.13672592178 0.0 1.91684568007 2.13672592178 1.91684568007 1.91684568007 2.13672592178 
0.0 2.04617673753 0.0 2.00643864431 2.04617673753 2.00643864431 2.00643864431 2.04617673753 
0.0 2.09279660544 0.0 2.02044343946 2.09279660544 2.02044343946 2.02044343946 2.09279660544 
0.0 0.0 0.0 1.97757761632 0.998077838475 1.97757761632 1.97757761632 0.998077838475 
0.0 2.16009207879 0.0 2.0102914875 2.16009207879 2.0102914875 2.0102914875 2.16009207879 
0.0 2.12049440152 0.0 2.05577327742 2.12049440152 2.05577327742 2.05577327742 2.12049440152 
0.0 2.07923565556 0.0 2.01239765391 2.07923565556 2.01239765391 2.01239765391 2.07923565556 
0.0 2.05263190137 0.0 2.01086830348 2.05263190137 2.01086830348 2.01086830348 2.05263190137 
0.0 2.04726469165 0.0 2.06227202997 2.04726469165 2.06227202997 2.06227202997 2.04726469165 
0.0 2.10880347832 0.0 2.00468503498 2.10880347832 2.00468503498 2.00468503498 2.10880347832 
0.0 2.07398112602 0.0 2.02438020591 2.07398112602 2.02438020591 2.02438020591 2.07398112602 
0.0 2.0441817735 0.0 2.04537586274 2.0441817735 2.04537586274 2.04537586274 2.0441817735 
0.0 2.04039463681 0.0 1.98079180683 2.04039463681 1.98079180683 1.98079180683 2.04039463681 
0.0 1.97815888424 0.0 1.93845208743 1.97815888424 1.93845208743 1.93845208743 1.97815888424 
0.0 1.97719045926 0.0 1.97268020241 1.97719045926 1.97268020241 1.97268020241 1.97719045926 
0.0 2.00358927298 0.0 1.94981614596 2.00358927298 1.94981614596 1.94981614596 2.00358927298 
0.0 2.02403410908 0.0 1.97272092327 2.02403410908 1.97272092327 1.97272092327 2.02403410908 
0.0 1.97324709814 0.0 1.89044901649 1.97324709814 1.89044901649 1.89044901649 1.97324709814 
0.0 2.04462116079 0.0 2.06832871486 2.04462116079 2.06832871486 2.06832871486 2.04462116079 
0.0 2.00561236144 0.0 2.02441516258 2.00561236144 2.02441516258 2.02441516258 2.00561236144 
0.0 1.99078831643 0.0 1.95073535817 1.99078831643 1.95073535817 1.95073535817 1.99078831643 
0.0 2.05898346017 0.0 1.96154983521 2.05898346017 1.96154983521 1.96154983521 2.05898346017 
0.0 2.07902661275 0.0 1.92848412122 2.07902661275 1.92848412122 1.92848412122 2.07902661275 
0.0 2.00280677189 0.0 1.9177340649 2.00280677189 1.9177340649 1.9177340649 2.00280677189 
0.0 2.11766597788 0.0 1.94901919724 2.11766597788 1.94901919724 1.94901919724 2.11766597788 
0.0 2.141942187 0.0 1.94718506536 2.141942187 1.94718506536 1.94718506536 2.141942187 
0.0 2.09035170515 0.0 1.96332102828 2.09035170515 1.96332102828 1.96332102828 2.09035170515 
0.0 2.0707204074 0.0 1.98984343149 2.0707204074 1.98984343149 1.98984343149 2.0707204074 
0.0 2.02695003465 0.0 2.00795288315 2.02695003465 2.00795288315 2.00795288315 2.02695003465 
0.0 2.09720553772 0.0 2.06516866121 2.09720553772 2.06516866121 2.06516866121 2.09720553772 
0.0 2.14603534563 0.0 1.90874594403 2.14603534563 1.90874594403 1.90874594403 2.14603534563 
0.0 2.11951599127 0.0 1.98510574576 2.11951599127 1.98510574576 1.98510574576 2.11951599127 
0.0 2.10782300937 0.0 1.92014691804 2.10782300937 1.92014691804 1.92014691804 2.10782300937 
0.0 2.11936991991 0.0 1.96809306837 2.11936991991 1.96809306837 1.96809306837 2.11936991991 
0.0 0.0 0.0 1.95626145451 1.01054467687 1.95626145451 1.95626145451 1.01054467687 
0.0 0.0 0.0 2.01492647356 1.01458688653 2.01492647356 2.01492647356 1.01458688653 
0.0 0.0 0.0 1.95848572827 0.990298761048 1.95848572827 1.95848572827 0.990298761048 
0.0 0.0 0.0 1.93236636701 1.03859560217 1.93236636701 1.93236636701 1.03859560217 
0.0 0.0 0.0 2.01158242077 0.999431646328 2.01158242077 2.01158242077 0.999431646328 
0.0 0.0 0.0 2.02380149186 1.01494425246 2.02380149186 2.02380149186 1.01494425246 
0.0 0.0 0.0 1.98688697553 0.983483827204 1.98688697553 1.98688697553 0.983483827204 
0.0 0.0 0.0 2.10279803462 1.02638588066 2.10279803462 2.10279803462 1.02638588066 
0.0 0.0 0.0 2.00219281577 0.97333502057 2.00219281577 2.00219281577 0.97333502057 
0.0 0.0 0.0 2.05701157154 1.0440376982 2.05701157154 2.05701157154 1.0440376982 
0.0 0.0 0.0 1.98092792051 1.04293530226 1.98092792051 1.98092792051 1.04293530226 
2.33296947738 0.0 0.0 2.33296947738 0.995859319948 2.33296947738 2.33296947738 0.995859319948 
2.41348135858 0.0 0.0 2.41348135858 1.0118692934 2.41348135858 2.41348135858 1.0118692934 
2.37230700373 0.0 0.0 2.37230700373 1.01551180172 2.37230700373 2.37230700373 1.01551180172 
2.37106751704 0.0 0.0 2.37106751704 0.986590529591 2.37106751704 2.37106751704 0.986590529591 
0.0 0.0 0.0 2.40886555351 1.01708006447 2.40886555351 2.40886555351 1.01708006447 
0.0 0.0 0.0 2.46694250965 1.04257673967 2.46694250965 2.46694250965 1.04257673967 
0.0 0.0 0.0 2.3729279501 1.03588108436 2.3729279501 2.3729279501 1.03588108436 
0.0 0.0 0.0 2.35247195753 0.980854737646 2.35247195753 2.35247195753 0.980854737646 
0.0 0.0 0.0 2.2776118505 0.989753505232 2.2776118505 2.2776118505 0.989753505232 
0.0 0.0 0.0 2.16063264049 0.962100021363 2.16063264049 2.16063264049 0.962100021363 
0.0 0.0 0.0 2.09326080235 0.988057976064 2.09326080235 2.09326080235 0.988057976064 
0.0 0.0 0.0 2.16418904054 1.00480120312 2.16418904054 2.16418904054 1.00480120312 
0.0 0.0 0.0 2.13782219122 0.990747201446 2.13782219122 2.13782219122 0.990747201446 
0.0 0.0 0.0 2.18217527821 1.00573842619 2.18217527821 2.18217527821 1.00573842619 
0.0 0.0 0.0 2.16977763421 0.995517489373 2.16977763421 2.16977763421 0.995517489373 
0.0 0.0 0.0 2.18530364992 1.00442913534 2.18530364992 2.18530364992 1.00442913534 
0.0 0.0 0.0 2.19899608472 1.04306496492 2.19899608472 2.19899608472 1.04306496492 
0.0 0.0 0.0 1.02218972436 0.950245676121 0.0 1.02218972436 0.950245676121 
0.0 0.0 0.0 0.976175709841 1.03237130974 0.0 0.976175709841 1.03237130974 
0.0 0.0 0.0 1.03005838314 0.981932415792 0.0 1.03005838314 0.981932415792 
0.0 0.0 0.0 1.05418297938 1.02866633215 0.0 1.05418297938 1.02866633215 
0.0 0.0 0.0 1.03563629093 1.01627110822 0.0 1.03563629093 1.01627110822 
0.0 0.0 0.0 0.98138006494 1.00654332893 0.0 0.98138006494 1.00654332893 
0.0 0.0 0.0 1.05846282116 0.985945351994 0.0 1.05846282116 0.985945351994 
0.0 0.0 0.0 0.982637973266 0.998918109373 0.0 0.982637973266 0.998918109373 
0.0 0.0 0.0 1.94533045127 0.970302201945 1.94533045127 1.94533045127 0.970302201945 
0.0 0.0 0.0 2.1195967485 1.0208184201 2.1195967485 2.1195967485 1.0208184201 
0.0 0.0 0.0 2.19642075014 1.00759674364 2.19642075014 2.19642075014 1.00759674364 
0.0 0.0 0.0 2.24638496297 0.997914320934 2.24638496297 2.24638496297 0.997914320934 
0.0 0.0 0.0 2.26229475561 0.988427726165 2.26229475561 2.26229475561 0.988427726165 
0.0 0.0 0.0 2.21619484359 0.979294666827 2.21619484359 2.21619484359 0.979294666827 
0.0 0.0 0.0 2.32318321051 1.0064748959 2.32318321051 2.32318321051 1.0064748959 
0.0 0.0 0.0 0.996554201248 1.01239786893 0.0 0.996554201248 1.01239786893 
0.0 2.34842834309 0.0 0.989367102035 2.34842834309 0.0 0.989367102035 2.34842834309 
0.0 2.30768150811 0.0 0.999370067024 2.30768150811 0.0 0.999370067024 2.30768150811 
0.0 2.22249356574 2.3091263467 2.3091263467 2.22249356574 0.0 2.3091263467 2.22249356574 
0.0 2.40984695687 2.19120485933 2.19120485933 2.40984695687 0.0 2.19120485933 2.40984695687 
0.0 0.0 2.1897560273 2.1897560273 1.027798405 0.0 2.1897560273 1.027798405 
0.0 0.0 0.0 0.992602664039 1.02835690871 0.0 0.992602664039 1.02835690871 
0.0 2.16454513941 0.0 2.16454513941 0.975150419585 0.0 2.16454513941 0.975150419585 
0.0 2.18022737463 0.0 2.18022737463 1.02937832735 0.0 2.18022737463 1.02937832735 
0.0 2.26656965404 0.0 2.26656965404 0.984074164455 0.0 2.26656965404 0.984074164455 
0.0 2.23247894062 0.0 2.23247894062 1.02416218537 0.0 2.23247894062 1.02416218537 
0.0 2.12357215461 0.0 2.12357215461 0.976228368907 0.0 2.12357215461 0.976228368907 
0.0 0.0 0.0 1.0014447269 1.00466394661 0.0 1.0014447269 1.00466394661 
0.0 0.0 0.0 0.986436110899 1.03349549488 0.0 0.986436110899 1.03349549488 
0.0 2.16036914909 0.0 2.16036914909 1.03645865951 0.0 2.16036914909 1.03645865951 
0.0 3.67478078139 0.0 3.67478078139 0.973094635675 3.67478078139 3.67478078139 0.973094635675 
0.0 0.0 0.0 2.18421722458 0.961870755593 2.18421722458 2.18421722458 0.961870755593 
0.0 3.679329807 0.0 3.679329807 1.02950312497 3.679329807 3.679329807 1.02950312497 
0.0 3.64142989791 0.0 3.64142989791 0.987725683417 3.64142989791 3.64142989791 0.987725683417 
0.0 3.62466542344 0.0 3.62466542344 0.993822747488 3.62466542344 3.62466542344 0.993822747488 
0.0 3.58777575571 0.0 3.58777575571 0.975753053313 3.58777575571 3.58777575571 0.975753053313 
0.0 3.53590107593 0.0 3.53590107593 0.994088058981 3.53590107593 3.53590107593 0.994088058981 
0.0 2.11589596034 0.0 2.11589596034 1.0259620861 0.0 2.11589596034 1.0259620861 
0.0 3.50619456977 0.0 3.50619456977 1.02341786345 3.50619456977 3.50619456977 1.02341786345 
0.0 3.56436054196 0.0 3.56436054196 0.9970456896 3.56436054196 3.56436054196 0.9970456896 
0.0 3.49942718296 0.0 3.49942718296 0.982658614557 3.49942718296 3.49942718296 0.982658614557 
0.0 3.46798476547 0.0 3.46798476547 1.01073510289 3.46798476547 3.46798476547 1.01073510289 
0.0 3.31170280152 0.0 3.31170280152 0.979034571646 3.31170280152 3.31170280152 0.979034571646 
0.0 3.46347718514 0.0 3.46347718514 0.993722185884 3.46347718514 3.46347718514 0.993722185884 
0.0 3.49384593195 0.0 3.49384593195 0.983864992072 3.49384593195 3.49384593195 0.983864992072 
0.0 3.54606916878 0.0 3.54606916878 0.985548412044 3.54606916878 3.54606916878 0.985548412044 
0.0 3.52465729086 0.0 3.52465729086 1.01208073402 3.52465729086 3.52465729086 1.01208073402 
0.0 3.53823744575 0.0 3.53823744575 1.00980398866 3.53823744575 3.53823744575 1.00980398866 
0.0 3.60317655195 0.0 3.60317655195 0.992042527893 3.60317655195 3.60317655195 0.992042527893 
0.0 3.58929230442 0.0 3.58929230442 1.00989155408 3.58929230442 3.58929230442 1.00989155408 
0.0 3.51998800438 0.0 3.51998800438 0.994436587808 3.51998800438 3.51998800438 0.994436587808 
0.0 3.53478020851 0.0 3.53478020851 0.99516221877 3.53478020851 3.53478020851 0.99516221877 
0.0 3.52163067077 0.0 3.52163067077 1.01688789537 3.52163067077 3.52163067077 1.01688789537 
0.0 3.54020682 0.0 3.54020682 1.01202928174 3.54020682 3.54020682 1.01202928174 
0.0 3.50595189495 0.0 3.50595189495 0.982252997785 3.50595189495 3.50595189495 0.982252997785 
0.0 3.51306250897 0.0 3.51306250897 0.997687293238 3.51306250897 3.51306250897 0.997687293238 
0.0 2.08268207247 0.0 2.08268207247 1.00049351567 0.0 2.08268207247 1.00049351567 
0.0 3.46552237754 0.0 3.46552237754 1.01231921774 3.46552237754 3.46552237754 1.01231921774 
0.0 3.45651915605 0.0 3.45651915605 0.984215078212 3.45651915605 3.45651915605 0.984215078212 
0.0 3.51045386059 0.0 3.51045386059 1.01103527279 3.51045386059 3.51045386059 1.01103527279 
0.0 3.53183599901 0.0 3.53183599901 1.00599626739 3.53183599901 3.53183599901 1.00599626739 
0.0 3.41013727379 0.0 3.41013727379 0.990674851281 3.41013727379 3.41013727379 0.990674851281 
0.0 3.38265014578 0.0 3.38265014578 1.01694489411 3.38265014578 3.38265014578 1.01694489411 
0.0 3.43320358684 0.0 3.43320358684 0.992108507828 3.43320358684 3.43320358684 0.992108507828 
0.0 3.53686696991 0.0 3.53686696991 1.01616032117 3.53686696991 3.53686696991 1.01616032117 
0.0 3.49868064859 0.0 3.49868064859 0.986721657524 3.49868064859 3.49868064859 0.986721657524 
0.0 3.49286909311 0.0 3.49286909311 0.986820207834 3.49286909311 3.49286909311 0.986820207834 
0.0 3.539367275 0.0 3.539367275 1.01898819281 3.539367275 3.539367275 1.01898819281 
0.0 3.55823353021 0.0 3.55823353021 1.0352723354 3.55823353021 3.55823353021 1.0352723354 
0.0 3.56572087638 0.0 3.56572087638 1.02942455463 3.56572087638 3.56572087638 1.02942455463 
0.0 3.5735981228 0.0 3.5735981228 0.982988699257 3.5735981228 3.5735981228 0.982988699257 
0.0 3.51765405329 0.0 3.51765405329 1.0088067055 3.51765405329 3.51765405329 1.0088067055 
0.0 3.49406604047 0.0 3.49406604047 0.970313137572 3.49406604047 3.49406604047 0.970313137572 
0.0 3.38571639794 0.0 3.38571639794 1.00509191922 3.38571639794 3.38571639794 1.00509191922 
0.0 3.25667527247 0.0 3.25667527247 1.01481611128 3.25667527247 3.25667527247 1.01481611128 
0.0 3.36029561922 0.0 3.36029561922 0.98985810172 3.36029561922 3.36029561922 0.98985810172 
0.0 3.24624379879 0.0 3.24624379879 0.96100023962 3.24624379879 3.24624379879 0.96100023962 
0.0 3.27822329702 0.0 3.27822329702 1.00877852838 3.27822329702 3.27822329702 1.00877852838 
0.0 3.26563569626 0.0 3.26563569626 0.996921496735 3.26563569626 3.26563569626 0.996921496735 
0.0 3.3501656541 0.0 3.3501656541 0.998966118297 3.3501656541 3.3501656541 0.998966118297 
0.0 3.34421039513 0.0 3.34421039513 1.0207106121 3.34421039513 3.34421039513 1.0207106121 
0.0 3.35192153103 0.0 3.35192153103 1.02137462429 3.35192153103 3.35192153103 1.02137462429 
0.0 3.44384873231 0.0 3.44384873231 0.994752827427 3.44384873231 3.44384873231 0.994752827427 
0.0 3.54046952443 0.0 3.54046952443 1.02062660062 3.54046952443 3.54046952443 1.02062660062 
0.0 3.61230965241 0.0 3.61230965241 1.0187166079 3.61230965241 3.61230965241 1.0187166079 
0.0 3.51395499967 0.0 3.51395499967 1.00383644497 3.51395499967 3.51395499967 1.00383644497 
0.0 3.54623737572 0.0 3.54623737572 0.980561458638 3.54623737572 3.54623737572 0.980561458638 
0.0 3.47187982343 0.0 3.47187982343 0.988426233542 3.47187982343 3.47187982343 0.988426233542 
0.0 3.29854302777 0.0 3.29854302777 1.02281348627 3.29854302777 3.29854302777 1.02281348627 
0.0 3.40231948478 0.0 3.40231948478 0.996362545332 3.40231948478 3.40231948478 0.996362545332 
0.0 3.50784459215 0.0 3.50784459215 1.01028245201 3.50784459215 3.50784459215 1.01028245201 
0.0 2.69548421681 0.0 2.69548421681 2.69548421681 0.0 2.69548421681 2.69548421681 
0.0 2.68578584673 0.0 2.68578584673 2.68578584673 0.0 2.68578584673 2.68578584673 
0.0 3.8587115517 0.0 3.8587115517 3.8587115517 3.8587115517 3.8587115517 3.8587115517 
0.0 1.96389717437 0.0 2.38570069443 1.96389717437 2.38570069443 2.38570069443 1.96389717437 
0.0 2.03043288487 0.0 2.28098154524 2.03043288487 2.28098154524 2.28098154524 2.03043288487 
0.0 2.08378520878 0.0 2.14856620551 2.08378520878 2.14856620551 2.14856620551 2.08378520878 
0.0 2.0278906517 0.0 2.19629943321 2.0278906517 2.19629943321 2.19629943321 2.0278906517 
0.0 1.99586780961 0.0 2.10190741047 1.99586780961 2.10190741047 2.10190741047 1.99586780961 
0.0 2.15332331295 0.0 2.05818928163 2.15332331295 2.05818928163 2.05818928163 2.15332331295 
0.0 2.18028180951 0.0 2.04237179539 2.18028180951 2.04237179539 2.04237179539 2.18028180951 
0.0 2.22944179427 0.0 2.01076241914 2.22944179427 2.01076241914 2.01076241914 2.22944179427 
0.0 2.2074630577 0.0 2.01890452144 2.2074630577 2.01890452144 2.01890452144 2.2074630577 
0.0 4.28207260787 0.0 4.28207260787 4.28207260787 4.28207260787 4.28207260787 4.28207260787 
0.0 4.18241396129 0.0 4.18241396129 4.18241396129 4.18241396129 4.18241396129 4.18241396129 
