0.0 0.0 0.0 0.0 0.0 0.0 0.0 0.0 
0.0 0.0 0.0 0.0 0.0 0.0 0.0 0.0 
0.0 0.0 0.0 0.0 0.0 0.0 0.0 0.0 
0.0 0.0 0.0 0.0 0.0 0.0 0.0 0.0 
0.0 0.0 0.0 0.0 0.0 0.0 0.0 0.0 
0.0 0.0 0.0 0.0 0.0 0.0 0.0 0.0 
0.0 0.0 0.0 0.0 0.0 0.0 0.0 0.0 
0.0 0.0 0.0 0.0 0.0 0.0 0.0 0.0 
0.0 0.0 0.0 0.0 0.0 0.0 0.0 0.0 
0.0 0.0 0.0 0.0 0.0 0.0 0.0 0.0 
0.0 0.0 0.0 0.0 0.0 0.0 0.0 0.0 
0.0 0.0 0.0 0.0 0.0 0.0 0.0 0.0 
0.0 0.0 0.0 0.0 0.0 0.0 0.0 0.0 
0.0 0.0 0.0 0.0 0.0 0.0 0.0 0.0 
0.0 0.0 0.0 0.0 0.0 0.0 0.0 0.0 
0.0 0.0 0.0 0.0 0.0 0.0 0.0 0.0 
0.0 0.0 0.0 0.0 0.0 0.0 0.0 0.0 
0.0 0.0 0.0 0.0 0.0 0.0 0.0 0.0 
0.0 0.0 0.0 0.0 0.0 0.0 0.0 0.0 
0.0 0.0 0.0 0.0 0.0 0.0 0.0 0.0 
0.0 0.0 0.0 0.0 0.0 0.0 0.0 0.0 
0.0 0.0 0.0 0.0 0.0 0.0 0.0 0.0 
0.0 0.0 0.0 0.0 0.0 0.0 0.0 0.0 
0.0 0.0 0.0 0.0 0.0 0.0 0.0 0.0 
0.0 0.0 0.0 0.0 0.0 0.0 0.0 0.0 
0.0 0.0 0.0 0.0 0.0 0.0 0.0 0.0 
0.0 0.0 0.0 0.0 0.0 0.0 0.0 0.0 
0.0 0.0 0.0 0.0 0.0 0.0 0.0 0.0 
0.0 0.0 0.0 0.0 0.0 0.0 0.0 0.0 
0.0 0.0 0.0 0.0 0.0 0.0 0.0 0.0 
0.0 0.0 0.0 0.0 0.0 0.0 0.0 0.0 
0.0 0.0 0.0 0.0 0.0 0.0 0.0 0.0 
0.0 0.0 0.0 0.0 0.0 0.0 0.0 0.0 
0.0 0.0 0.0 0.0 0.0 0.0 0.0 0.0 
0.0 0.0 0.0 0.0 0.0 0.0 0.0 0.0 
0.0 0.0 0.0 0.0 0.0 0.0 0.0 0.0 
0.0 0.0 0.0 0.0 0.0 0.0 0.0 0.0 
0.0 0.0 0.0 0.0 0.0 0.0 0.0 0.0 
0.0 0.0 0.0 0.0 0.0 0.0 0.0 0.0 
0.0 0.0 0.0 0.0 0.0 0.0 0.0 0.0 
0.0 0.0 0.0 0.0 0.0 0.0 0.0 0.0 
0.0 0.0 0.0 0.0 0.0 0.0 0.0 0.0 
0.0 0.0 0.0 0.0 0.0 0.0 0.0 0.0 
0.0 0.0 0.0 0.0 0.0 0.0 0.0 0.0 
0.0 0.0 0.0 0.0 0.0 0.0 0.0 0.0 
0.0 0.0 0.0 0.0 0.0 0.0 0.0 0.0 
0.0 0.0 0.0 0.0 0.0 0.0 0.0 0.0 
0.0 0.0 0.0 0.0 0.0 0.0 0.0 0.0 
0.0 0.0 0.0 0.0 0.0 0.0 0.0 0.0 
0.0 0.0 0.0 0.0 0.0 0.0 0.0 0.0 
0.0 0.0 0.0 0.0 0.0 0.0 0.0 0.0 
0.0 0.0 0.0 0.0 0.0 0.0 0.0 0.0 
0.0 0.0 0.0 0.0 0.0 0.0 0.0 0.0 
0.0 0.0 0.0 0.0 0.0 0.0 0.0 0.0 
0.0 0.0 0.0 0.0 0.0 0.0 0.0 0.0 
0.0 0.0 0.0 0.0 0.0 0.0 0.0 0.0 
0.0 0.0 0.0 0.0 0.0 0.0 0.0 0.0 
0.0 0.0 0.0 0.0 0.0 0.0 0.0 0.0 
0.0 0.0 0.0 0.0 0.0 0.0 0.0 0.0 
0.0 0.0 0.0 0.0 0.0 0.0 0.0 0.0 
0.0 0.0 0.0 0.0 0.0 0.0 0.0 0.0 
0.0 0.0 0.0 0.0 0.0 0.0 0.0 0.0 
0.0 0.0 0.0 0.0 0.0 0.0 0.0 0.0 
0.0 0.0 0.0 0.0 0.0 0.0 0.0 0.0 
0.0 0.0 0.0 0.0 0.0 0.0 0.0 0.0 
0.0 0.0 0.0 0.0 0.0 0.0 0.0 0.0 
0.0 0.0 0.0 0.0 0.0 0.0 0.0 0.0 
0.0 0.0 0.0 0.0 0.0 0.0 0.0 0.0 
0.0 0.0 0.0 0.0 0.0 0.0 0.0 0.0 
0.0 0.0 0.0 0.0 0.0 0.0 0.0 0.0 
0.0 0.0 0.0 0.0 0.0 0.0 0.0 0.0 
0.0 0.0 0.0 0.0 0.0 0.0 0.0 0.0 
0.0 0.0 0.0 0.0 0.0 0.0 0.0 0.0 
0.0 0.0 0.0 0.0 0.0 0.0 0.0 0.0 
0.0 0.0 0.0 0.0 0.0 0.0 0.0 0.0 
0.0 0.0 0.0 0.0 0.0 0.0 0.0 0.0 
0.0 0.0 0.0 0.0 0.0 0.0 0.0 0.0 
0.0 0.0 0.0 0.0 0.0 0.0 0.0 0.0 
0.0 0.0 0.0 0.0 0.0 0.0 0.0 0.0 
0.0 0.0 0.0 0.0 0.0 0.0 0.0 0.0 
0.0 0.0 0.0 0.0 0.0 0.0 0.0 0.0 
0.0 0.0 0.0 0.0 0.0 0.0 0.0 0.0 
0.0 0.0 0.0 0.0 0.0 0.0 0.0 0.0 
0.0 0.0 0.0 0.0 0.0 0.0 0.0 0.0 
0.0 0.0 0.0 0.0 0.0 0.0 0.0 0.0 
0.0 0.0 0.0 0.0 0.0 0.0 0.0 0.0 
0.0 0.0 0.0 0.0 0.0 0.0 0.0 0.0 
0.0 0.0 0.0 0.0 0.0 0.0 0.0 0.0 
0.0 0.0 0.0 0.0 0.0 0.0 0.0 0.0 
0.0 0.0 0.0 0.0 0.0 0.0 0.0 0.0 
0.0 0.0 0.0 0.0 0.0 0.0 0.0 0.0 
0.0 0.0 0.0 0.0 0.0 0.0 0.0 0.0 
0.0 0.0 0.0 0.0 0.0 0.0 0.0 0.0 
0.0 0.0 0.0 0.0 0.0 0.0 0.0 0.0 
0.0 1.03547583567 1.03547583567 0.0 0.0 0.0 0.0 0.0 
0.0 0.0 0.0 0.0 0.0 0.0 0.0 0.0 
0.0 0.0 0.0 0.0 0.0 0.0 0.0 0.0 
0.0 1.03206996847 1.03206996847 0.0 0.0 0.0 0.0 0.0 
0.0 0.0 0.0 0.0 0.0 0.0 0.0 0.0 
0.0 1.05584730024 1.05584730024 0.0 0.0 0.0 0.0 0.0 
0.0 1.02204969613 1.02204969613 0.0 0.0 0.0 0.0 0.0 
0.0 0.0 0.0 0.0 0.0 0.0 0.0 0.0 
0.0 1.03467350966 1.03467350966 0.0 0.0 0.0 0.0 0.0 
0.0 0.0 0.0 0.0 0.0 0.0 0.0 0.0 
0.0 0.0 0.0 0.0 0.0 0.0 0.0 0.0 
0.0 0.0 0.0 0.0 0.0 0.0 0.0 0.0 
0.0 0.0 0.0 0.0 0.0 0.0 0.0 0.0 
0.0 0.9897768565 0.9897768565 0.0 0.0 0.0 0.0 0.0 
0.0 0.0 0.0 0.0 0.0 0.0 0.0 0.0 
0.0 0.0 0.0 0.0 0.0 0.0 0.0 0.0 
0.0 1.0251269862 1.0251269862 0.0 0.0 0.0 0.0 0.0 
0.0 1.06739311222 1.06739311222 0.0 0.0 0.0 0.0 0.0 
0.0 0.947122640254 0.947122640254 0.0 0.0 0.0 0.0 0.0 
0.0 0.0 0.0 0.0 0.0 0.0 0.0 0.0 
0.0 0.0 0.0 0.0 0.0 0.0 0.0 0.0 
0.0 0.0 0.0 0.0 0.0 0.0 0.0 0.0 
0.0 1.01769380404 1.01769380404 0.0 0.0 0.0 0.0 0.0 
0.0 0.0 0.0 0.0 0.0 0.0 0.0 0.0 
0.0 1.03042373347 1.03042373347 0.0 0.0 0.0 0.0 0.0 
0.0 1.00308590761 1.00308590761 0.0 0.0 0.0 0.0 0.0 
0.0 1.02569131087 1.02569131087 0.0 0.0 0.0 0.0 0.0 
0.0 1.03859821723 1.03859821723 0.0 0.0 0.0 0.0 0.0 
0.0 1.0053551341 1.0053551341 0.0 0.0 0.0 0.0 0.0 
0.0 0.948464305232 0.948464305232 0.0 0.0 0.0 0.0 0.0 
0.0 0.0 0.0 0.0 0.0 0.0 0.0 0.0 
0.0 0.0 0.0 0.0 0.0 0.0 0.0 0.0 
0.0 1.02712558457 1.02712558457 0.0 0.0 0.0 0.0 0.0 
0.0 1.04248867391 1.04248867391 0.0 0.0 0.0 0.0 0.0 
0.0 0.0 0.0 0.0 0.0 0.0 0.0 0.0 
0.0 1.03792489334 1.03792489334 0.0 0.0 0.0 0.0 0.0 
0.0 0.97214219925 0.97214219925 0.0 0.0 0.0 0.0 0.0 
0.0 0.0 0.0 0.0 0.0 0.0 0.0 0.0 
0.0 0.0 0.0 0.0 0.0 0.0 0.0 0.0 
0.0 0.0 0.0 0.0 0.0 0.0 0.0 0.0 
0.0 0.0 0.0 0.0 0.0 0.0 0.0 0.0 
0.0 0.0 0.0 0.0 0.0 0.0 0.0 0.0 
0.0 0.0 0.0 0.0 0.0 0.0 0.0 0.0 
0.0 0.0 0.0 0.0 0.0 0.0 0.0 0.0 
0.0 0.0 0.0 0.0 0.0 0.0 0.0 0.0 
0.0 0.0 0.0 0.0 0.0 0.0 0.0 0.0 
0.0 0.0 0.0 0.0 0.0 0.0 0.0 0.0 
0.0 0.0 0.0 0.0 0.0 0.0 0.0 0.0 
0.0 0.0 0.0 0.0 0.0 0.0 0.0 0.0 
0.0 0.0 0.0 0.0 0.0 0.0 0.0 0.0 
0.0 0.0 0.0 0.0 0.0 0.0 0.0 0.0 
0.0 0.0 0.0 0.0 0.0 0.0 0.0 0.0 
0.0 0.0 0.0 0.0 0.0 0.0 0.0 0.0 
0.0 0.0 0.0 0.0 0.0 0.0 0.0 0.0 
0.0 0.0 0.0 0.0 0.0 0.0 0.0 0.0 
0.0 0.0 0.0 0.0 0.0 0.0 0.0 0.0 
0.0 0.0 0.0 0.0 0.0 0.0 0.0 0.0 
0.0 0.0 0.0 0.0 0.0 0.0 0.0 0.0 
0.0 0.0 0.0 0.0 0.0 0.0 0.0 0.0 
0.0 0.0 0.0 0.0 0.0 0.0 0.0 0.0 
0.0 0.0 0.0 0.0 0.0 0.0 0.0 0.0 
0.0 0.0 0.0 0.0 0.0 0.0 0.0 0.0 
0.0 0.0 0.0 0.0 0.0 0.0 0.0 0.0 
0.0 0.0 0.0 0.0 0.0 0.0 0.0 0.0 
0.0 0.0 0.0 0.0 0.0 0.0 0.0 0.0 
0.0 0.0 0.0 0.0 0.0 0.0 0.0 0.0 
0.0 0.0 0.0 0.0 0.0 0.0 0.0 0.0 
0.0 0.0 0.0 0.0 0.0 0.0 0.0 0.0 
0.0 0.0 0.0 0.0 0.0 0.0 0.0 0.0 
0.0 0.0 0.0 0.0 0.0 0.0 0.0 0.0 
0.0 0.0 0.0 0.0 0.0 0.0 0.0 0.0 
0.0 0.0 0.0 0.0 0.0 0.0 0.0 0.0 
0.0 0.0 0.0 0.0 0.0 0.0 0.0 0.0 
0.0 0.0 0.0 0.0 0.0 0.0 0.0 0.0 
0.0 0.0 0.0 0.0 0.0 0.0 0.0 0.0 
0.0 0.0 0.0 0.0 0.0 0.0 0.0 0.0 
0.0 0.0 0.0 0.0 0.0 0.0 0.0 0.0 
0.0 0.0 0.0 0.0 0.0 0.0 0.0 0.0 
0.0 0.0 0.0 0.0 0.0 0.0 0.0 0.0 
0.0 0.0 0.0 0.0 0.0 0.0 0.0 0.0 
0.0 0.0 0.0 0.0 0.0 0.0 0.0 0.0 
0.0 0.0 0.0 0.0 0.0 0.0 0.0 0.0 
0.0 0.0 0.0 0.0 0.0 0.0 0.0 0.0 
0.0 0.0 0.0 0.0 0.0 0.0 0.0 0.0 
0.0 0.0 0.0 0.0 0.0 0.0 0.0 0.0 
0.0 0.0 0.0 0.0 0.0 0.0 0.0 0.0 
0.0 0.0 0.0 0.0 0.0 0.0 0.0 0.0 
0.0 0.988424134726 0.988424134726 0.0 0.0 0.0 0.0 0.0 
0.0 1.01930061214 1.01930061214 0.0 0.0 0.0 0.0 0.0 
0.0 0.99567742406 0.99567742406 0.0 0.0 0.0 0.0 0.0 
0.0 1.00804366407 1.00804366407 0.0 0.0 0.0 0.0 0.0 
0.0 1.01246883833 1.01246883833 0.0 0.0 0.0 0.0 0.0 
0.0 0.973451796982 0.973451796982 0.0 0.0 0.0 0.0 0.0 
0.0 0.999228878653 0.999228878653 0.0 0.0 0.0 0.0 0.0 
0.0 1.00509530792 1.00509530792 0.0 0.0 0.0 0.0 0.0 
0.0 1.02615841312 1.02615841312 0.0 0.0 0.0 0.0 0.0 
0.0 0.0 0.0 0.0 0.0 0.0 0.0 0.0 
0.0 0.0 0.0 0.0 0.0 0.0 0.0 0.0 
0.0 0.0 0.0 0.0 0.0 0.0 0.0 0.0 
0.0 0.0 0.0 0.0 0.0 0.0 0.0 0.0 
0.0 0.0 0.0 0.0 0.0 0.0 0.0 0.0 
0.0 0.0 0.0 0.0 0.0 0.0 0.0 0.0 
0.0 0.0 0.0 0.0 0.0 0.0 0.0 0.0 
0.0 0.0 0.0 0.0 0.0 0.0 0.0 0.0 
0.0 0.0 0.0 0.0 0.0 0.0 0.0 0.0 
0.0 1.00696971183 1.00696971183 0.0 0.0 0.0 0.0 0.0 
0.0 1.01907982168 1.01907982168 0.0 0.0 0.0 0.0 0.0 
0.0 0.981340295303 0.981340295303 0.0 0.0 0.0 0.0 0.0 
0.0 1.01603819364 1.01603819364 0.0 0.0 0.0 0.0 0.0 
0.0 1.02646971399 1.02646971399 0.0 0.0 0.0 0.0 0.0 
0.0 0.964508238395 0.964508238395 0.0 0.0 0.0 0.0 0.0 
0.0 1.01345227018 1.01345227018 0.0 0.0 0.0 0.0 0.0 
0.0 1.0318976258 1.0318976258 0.0 0.0 0.0 0.0 0.0 
0.0 1.03477943732 1.03477943732 0.0 0.0 0.0 0.0 0.0 
0.0 0.992997852205 0.992997852205 0.0 0.0 0.0 0.0 0.0 
0.0 1.02265313201 1.02265313201 0.0 0.0 0.0 0.0 0.0 
0.0 1.01991554195 1.01991554195 0.0 0.0 0.0 0.0 0.0 
0.0 0.989648040834 0.989648040834 0.0 0.0 0.0 0.0 0.0 
0.0 0.9837246269 0.9837246269 0.0 0.0 0.0 0.0 0.0 
0.0 1.00467637416 1.00467637416 0.0 0.0 0.0 0.0 0.0 
0.0 0.982156727168 0.982156727168 0.0 0.0 0.0 0.0 0.0 
0.0 0.996369881352 0.996369881352 0.0 0.0 0.0 0.0 0.0 
0.0 0.996880317636 0.996880317636 0.0 0.0 0.0 0.0 0.0 
0.0 0.987426076344 0.987426076344 0.0 0.0 0.0 0.0 0.0 
0.0 1.01073586516 1.01073586516 0.0 0.0 0.0 0.0 0.0 
0.0 0.981542833736 0.981542833736 0.0 0.0 0.0 0.0 0.0 
0.0 1.02363481471 1.02363481471 0.0 0.0 0.0 0.0 0.0 
0.0 0.970580539641 0.970580539641 0.0 0.0 0.0 0.0 0.0 
0.0 0.997594643489 0.997594643489 0.0 0.0 0.0 0.0 0.0 
0.0 0.993632640856 0.993632640856 0.0 0.0 0.0 0.0 0.0 
0.0 1.00606841518 1.00606841518 0.0 0.0 0.0 0.0 0.0 
0.0 1.00476752421 1.00476752421 0.0 0.0 0.0 0.0 0.0 
0.0 0.991281302078 0.991281302078 0.0 0.0 0.0 0.0 0.0 
0.0 0.98913809362 0.98913809362 0.0 0.0 0.0 0.0 0.0 
0.0 1.01559489398 1.01559489398 0.0 0.0 0.0 0.0 0.0 
0.0 0.992426746007 0.992426746007 0.0 0.0 0.0 0.0 0.0 
0.0 0.997605260322 0.997605260322 0.0 0.0 0.0 0.0 0.0 
0.0 0.958787773532 0.958787773532 0.0 0.0 0.0 0.0 0.0 
0.0 0.955580166477 0.955580166477 0.0 0.0 0.0 0.0 0.0 
0.0 1.02678618296 1.02678618296 0.0 0.0 0.0 0.0 0.0 
0.0 0.996217146939 0.996217146939 0.0 0.0 0.0 0.0 0.0 
0.0 0.999614781811 0.999614781811 0.0 0.0 0.0 0.0 0.0 
0.0 0.977520671965 0.977520671965 0.0 0.0 0.0 0.0 0.0 
0.0 0.975364429729 0.975364429729 0.0 0.0 0.0 0.0 0.0 
0.0 0.990709983136 0.990709983136 0.0 0.0 0.0 0.0 0.0 
0.0 1.00178245981 1.00178245981 0.0 0.0 0.0 0.0 0.0 
0.0 0.97557475353 0.97557475353 0.0 0.0 0.0 0.0 0.0 
0.0 1.00891124542 1.00891124542 0.0 0.0 0.0 0.0 0.0 
0.0 0.972674789747 0.972674789747 0.0 0.0 0.0 0.0 0.0 
0.0 1.011782711 1.011782711 0.0 0.0 0.0 0.0 0.0 
0.0 1.02397430653 1.02397430653 0.0 0.0 0.0 0.0 0.0 
0.0 0.965421723236 0.965421723236 0.0 0.0 0.0 0.0 0.0 
0.0 1.02594892632 1.02594892632 0.0 0.0 0.0 0.0 0.0 
0.0 1.02865802622 1.02865802622 0.0 0.0 0.0 0.0 0.0 
0.0 0.999079795987 0.999079795987 0.0 0.0 0.0 0.0 0.0 
0.0 1.02865328967 1.02865328967 0.0 0.0 0.0 0.0 0.0 
0.0 1.0131872522 1.0131872522 0.0 0.0 0.0 0.0 0.0 
0.0 1.0275671793 1.0275671793 0.0 0.0 0.0 0.0 0.0 
0.0 0.999354142736 0.999354142736 0.0 0.0 0.0 0.0 0.0 
0.0 0.988095919131 0.988095919131 0.0 0.0 0.0 0.0 0.0 
0.0 1.01055595637 1.01055595637 0.0 0.0 0.0 0.0 0.0 
0.0 0.991178579522 0.991178579522 0.0 0.0 0.0 0.0 0.0 
0.0 1.00895956124 1.00895956124 0.0 0.0 0.0 0.0 0.0 
0.0 1.03867177356 1.03867177356 0.0 0.0 0.0 0.0 0.0 
0.0 0.993579196635 0.993579196635 0.0 0.0 0.0 0.0 0.0 
0.0 1.00017744243 1.00017744243 0.0 0.0 0.0 0.0 0.0 
0.0 0.995649482515 0.995649482515 0.0 0.0 0.0 0.0 0.0 
0.0 1.02070087991 1.02070087991 0.0 0.0 0.0 0.0 0.0 
0.0 1.04077224237 1.04077224237 0.0 0.0 0.0 0.0 0.0 
0.0 1.01233327849 1.01233327849 0.0 0.0 0.0 0.0 0.0 
0.0 1.00387992751 1.00387992751 0.0 0.0 0.0 0.0 0.0 
0.0 1.03874347787 1.03874347787 0.0 0.0 0.0 0.0 0.0 
0.0 1.03227807676 1.03227807676 0.0 0.0 0.0 0.0 0.0 
0.0 1.031116384 1.031116384 0.0 0.0 0.0 0.0 0.0 
0.0 1.0226867969 1.0226867969 0.0 0.0 0.0 0.0 0.0 
0.0 1.03590790199 1.03590790199 0.0 0.0 0.0 0.0 0.0 
0.0 1.0291863384 1.0291863384 0.0 0.0 0.0 0.0 0.0 
0.0 0.983238447804 0.983238447804 0.0 0.0 0.0 0.0 0.0 
0.0 1.01157991517 1.01157991517 0.0 0.0 0.0 0.0 0.0 
0.0 1.02939718336 1.02939718336 0.0 0.0 0.0 0.0 0.0 
0.0 0.979853226425 0.979853226425 0.0 0.0 0.0 0.0 0.0 
0.0 1.0053532252 1.0053532252 0.0 0.0 0.0 0.0 0.0 
0.0 0.984583076181 0.984583076181 0.0 0.0 0.0 0.0 0.0 
0.0 0.979682516266 0.979682516266 0.0 0.0 0.0 0.0 0.0 
0.0 0.991041352558 0.991041352558 0.0 0.0 0.0 0.0 0.0 
0.0 1.00968260443 1.00968260443 0.0 0.0 0.0 0.0 0.0 
0.0 1.02858253309 1.02858253309 0.0 0.0 0.0 0.0 0.0 
0.0 1.01529863075 1.01529863075 0.0 0.0 0.0 0.0 0.0 
0.0 0.975715305086 0.975715305086 0.0 0.0 0.0 0.0 0.0 
0.0 1.0186403577 1.0186403577 0.0 0.0 0.0 0.0 0.0 
0.0 0.98683335085 0.98683335085 0.0 0.0 0.0 0.0 0.0 
0.0 0.986246564451 0.986246564451 0.0 0.0 0.0 0.0 0.0 
0.0 1.01434978139 1.01434978139 0.0 0.0 0.0 0.0 0.0 
0.0 0.978414123506 0.978414123506 0.0 0.0 0.0 0.0 0.0 
0.0 1.02934771945 1.02934771945 0.0 0.0 0.0 0.0 0.0 
0.0 1.00893839803 1.00893839803 0.0 0.0 0.0 0.0 0.0 
0.0 1.01339268258 1.01339268258 0.0 0.0 0.0 0.0 0.0 
0.0 1.0140755839 1.0140755839 0.0 0.0 0.0 0.0 0.0 
0.0 0.991952815345 0.991952815345 0.0 0.0 0.0 0.0 0.0 
0.0 1.00022414598 1.00022414598 0.0 0.0 0.0 0.0 0.0 
0.0 0.984953681105 0.984953681105 0.0 0.0 0.0 0.0 0.0 
0.0 1.00721398412 1.00721398412 0.0 0.0 0.0 0.0 0.0 
0.0 0.977272898658 0.977272898658 0.0 0.0 0.0 0.0 0.0 
0.0 0.999954215329 0.999954215329 0.0 0.0 0.0 0.0 0.0 
0.0 0.976607760304 0.976607760304 0.0 0.0 0.0 0.0 0.0 
0.0 0.99825024893 0.99825024893 0.0 0.0 0.0 0.0 0.0 
0.0 1.00098182246 1.00098182246 0.0 0.0 0.0 0.0 0.0 
0.0 0.996151110052 0.996151110052 0.0 0.0 0.0 0.0 0.0 
0.0 1.00231657126 1.00231657126 0.0 0.0 0.0 0.0 0.0 
0.0 0.97573002606 0.97573002606 0.0 0.0 0.0 0.0 0.0 
0.0 1.0280962604 1.0280962604 0.0 0.0 0.0 0.0 0.0 
0.0 0.975312487539 0.975312487539 0.0 0.0 0.0 0.0 0.0 
0.0 1.03578407575 1.03578407575 0.0 0.0 0.0 0.0 0.0 
0.0 0.976432509654 0.976432509654 0.0 0.0 0.0 0.0 0.0 
0.0 1.00688373415 1.00688373415 0.0 0.0 0.0 0.0 0.0 
0.0 0.975537861711 0.975537861711 0.0 0.0 0.0 0.0 0.0 
0.0 1.00573895077 1.00573895077 0.0 0.0 0.0 0.0 0.0 
0.0 0.992308706723 0.992308706723 0.0 0.0 0.0 0.0 0.0 
0.0 1.02165445698 1.02165445698 0.0 0.0 0.0 0.0 0.0 
0.0 1.03729842125 1.03729842125 0.0 0.0 0.0 0.0 0.0 
0.0 0.970529091999 0.970529091999 0.0 0.0 0.0 0.0 0.0 
0.0 1.00848935696 1.00848935696 0.0 0.0 0.0 0.0 0.0 
0.0 0.99864637409 0.99864637409 0.0 0.0 0.0 0.0 0.0 
0.0 1.00331179881 1.00331179881 0.0 0.0 0.0 0.0 0.0 
0.0 0.982641026296 0.982641026296 0.0 0.0 0.0 0.0 0.0 
0.0 0.989528341589 0.989528341589 0.0 0.0 0.0 0.0 0.0 
0.0 0.999083202816 0.999083202816 0.0 0.0 0.0 0.0 0.0 
0.0 1.02043747448 1.02043747448 0.0 0.0 0.0 0.0 0.0 
0.0 1.02853043604 1.02853043604 0.0 0.0 0.0 0.0 0.0 
0.0 0.995184150908 0.995184150908 0.0 0.0 0.0 0.0 0.0 
0.0 0.97481274051 0.97481274051 0.0 0.0 0.0 0.0 0.0 
0.0 1.00501886217 1.00501886217 0.0 0.0 0.0 0.0 0.0 
0.0 1.00536974721 1.00536974721 0.0 0.0 0.0 0.0 0.0 
0.0 0.96551700201 0.96551700201 0.0 0.0 0.0 0.0 0.0 
0.0 0.997089140919 0.997089140919 0.0 0.0 0.0 0.0 0.0 
0.0 1.02405789355 1.02405789355 0.0 0.0 0.0 0.0 0.0 
0.0 0.971035504974 0.971035504974 0.0 0.0 0.0 0.0 0.0 
0.0 0.981675984468 0.981675984468 0.0 0.0 0.0 0.0 0.0 
0.0 0.991863172442 0.991863172442 0.0 0.0 0.0 0.0 0.0 
0.0 0.980319069792 0.980319069792 0.0 0.0 0.0 0.0 0.0 
0.0 0.988907407638 0.988907407638 0.0 0.0 0.0 0.0 0.0 
0.0 1.00816924556 1.00816924556 0.0 0.0 0.0 0.0 0.0 
0.0 1.00010195458 1.00010195458 0.0 0.0 0.0 0.0 0.0 
0.0 0.977495254458 0.977495254458 0.0 0.0 0.0 0.0 0.0 
0.0 1.01495464926 1.01495464926 0.0 0.0 0.0 0.0 0.0 
0.0 1.01249781725 1.01249781725 0.0 0.0 0.0 0.0 0.0 
0.0 1.02900655083 1.02900655083 0.0 0.0 0.0 0.0 0.0 
0.0 0.988477415663 0.988477415663 0.0 0.0 0.0 0.0 0.0 
0.0 1.01185225854 1.01185225854 0.0 0.0 0.0 0.0 0.0 
0.0 0.988789599697 0.988789599697 0.0 0.0 0.0 0.0 0.0 
0.0 1.02920335328 1.02920335328 0.0 0.0 0.0 0.0 0.0 
0.0 0.976012284165 0.976012284165 0.0 0.0 0.0 0.0 0.0 
0.0 1.02754695534 1.02754695534 0.0 0.0 0.0 0.0 0.0 
0.0 0.996452328639 0.996452328639 0.0 0.0 0.0 0.0 0.0 
0.0 0.994501963239 0.994501963239 0.0 0.0 0.0 0.0 0.0 
0.0 1.0165749389 1.0165749389 0.0 0.0 0.0 0.0 0.0 
0.0 1.03312499666 1.03312499666 0.0 0.0 0.0 0.0 0.0 
0.0 1.02652037178 1.02652037178 0.0 0.0 0.0 0.0 0.0 
0.0 0.974011257282 0.974011257282 0.0 0.0 0.0 0.0 0.0 
0.0 0.999944206865 0.999944206865 0.0 0.0 0.0 0.0 0.0 
0.0 1.00659413308 1.00659413308 0.0 0.0 0.0 0.0 0.0 
0.0 1.02098564447 1.02098564447 0.0 0.0 0.0 0.0 0.0 
0.0 1.01957829368 1.01957829368 0.0 0.0 0.0 0.0 0.0 
0.0 0.976687092627 0.976687092627 0.0 0.0 0.0 0.0 0.0 
0.0 1.03125606679 1.03125606679 0.0 0.0 0.0 0.0 0.0 
0.0 0.97475176241 0.97475176241 0.0 0.0 0.0 0.0 0.0 
0.0 0.988248750412 0.988248750412 0.0 0.0 0.0 0.0 0.0 
0.0 1.02518155268 1.02518155268 0.0 0.0 0.0 0.0 0.0 
0.0 1.03845082013 1.03845082013 0.0 0.0 0.0 0.0 0.0 
0.0 1.00287881814 1.00287881814 0.0 0.0 0.0 0.0 0.0 
0.0 1.00588211876 1.00588211876 0.0 0.0 0.0 0.0 0.0 
0.0 1.03317851422 1.03317851422 0.0 0.0 0.0 0.0 0.0 
0.0 1.0122216228 1.0122216228 0.0 0.0 0.0 0.0 0.0 
0.0 0.99437941759 0.99437941759 0.0 0.0 0.0 0.0 0.0 
0.0 0.975518704563 0.975518704563 0.0 0.0 0.0 0.0 0.0 
0.0 1.02240417773 1.02240417773 0.0 0.0 0.0 0.0 0.0 
0.0 0.989487348802 0.989487348802 0.0 0.0 0.0 0.0 0.0 
0.0 1.00181276715 1.00181276715 0.0 0.0 0.0 0.0 0.0 
0.0 1.02361206191 1.02361206191 0.0 0.0 0.0 0.0 0.0 
0.0 1.01567194364 1.01567194364 0.0 0.0 0.0 0.0 0.0 
0.0 0.99582681994 0.99582681994 0.0 0.0 0.0 0.0 0.0 
0.0 1.00403111477 1.00403111477 0.0 0.0 0.0 0.0 0.0 
0.0 0.972421627747 0.972421627747 0.0 0.0 0.0 0.0 0.0 
0.0 0.987987788265 0.987987788265 0.0 0.0 0.0 0.0 0.0 
0.0 0.97850990462 0.97850990462 0.0 0.0 0.0 0.0 0.0 
0.0 0.999647913424 0.999647913424 0.0 0.0 0.0 0.0 0.0 
0.0 0.975602504239 0.975602504239 0.0 0.0 0.0 0.0 0.0 
0.0 0.0 0.0 0.0 0.0 0.0 0.0 0.0 
0.0 0.99481879341 0.99481879341 0.0 0.0 0.0 0.0 0.0 
0.0 0.995620855115 0.995620855115 0.0 0.0 0.0 0.0 0.0 
0.0 0.971128248149 0.971128248149 0.0 0.0 0.0 0.0 0.0 
0.0 1.00582463797 1.00582463797 0.0 0.0 0.0 0.0 0.0 
0.0 0.997203344352 0.997203344352 0.0 0.0 0.0 0.0 0.0 
0.0 1.02046462928 1.02046462928 0.0 0.0 0.0 0.0 0.0 
0.0 0.978824853162 0.978824853162 0.0 0.0 0.0 0.0 0.0 
0.0 1.01256257237 1.01256257237 0.0 0.0 0.0 0.0 0.0 
0.0 1.00480642267 1.00480642267 0.0 0.0 0.0 0.0 0.0 
0.0 0.972500553518 0.972500553518 0.0 0.0 0.0 0.0 0.0 
0.0 1.02405705969 1.02405705969 0.0 0.0 0.0 0.0 0.0 
0.0 0.998849747055 0.998849747055 0.0 0.0 0.0 0.0 0.0 
0.0 1.00920913738 1.00920913738 0.0 0.0 0.0 0.0 0.0 
0.0 0.977535868427 0.977535868427 0.0 0.0 0.0 0.0 0.0 
0.0 1.01102763667 1.01102763667 0.0 0.0 0.0 0.0 0.0 
0.0 0.975536599056 0.975536599056 0.0 0.0 0.0 0.0 0.0 
0.0 1.03546686107 1.03546686107 0.0 0.0 0.0 0.0 0.0 
0.0 0.99061769111 0.99061769111 0.0 0.0 0.0 0.0 0.0 
0.0 0.964209329472 0.964209329472 0.0 0.0 0.0 0.0 0.0 
0.0 0.0 0.0 0.0 0.0 0.0 0.0 0.0 
0.0 0.0 0.0 0.0 0.0 0.0 0.0 0.0 
0.0 0.946402976256 0.946402976256 0.0 0.0 0.0 0.0 0.0 
0.0 0.0 0.0 0.0 0.0 0.0 0.0 0.0 
0.0 0.0 0.0 0.0 0.0 0.0 0.0 0.0 
0.0 0.976075288442 0.976075288442 0.0 0.0 0.0 0.0 0.0 
0.0 1.00040166417 1.00040166417 0.0 0.0 0.0 0.0 0.0 
0.0 1.02210727029 1.02210727029 0.0 0.0 0.0 0.0 0.0 
0.0 0.952286202765 0.952286202765 0.0 0.0 0.0 0.0 0.0 
0.0 1.03573379227 1.03573379227 0.0 0.0 0.0 0.0 0.0 
0.0 0.0 0.0 0.0 0.0 0.0 0.0 0.0 
0.0 1.01763672425 1.01763672425 0.0 0.0 0.0 0.0 0.0 
0.0 1.01314840472 1.01314840472 0.0 0.0 0.0 0.0 0.0 
0.0 1.01542879707 1.01542879707 0.0 0.0 0.0 0.0 0.0 
0.0 0.977228878767 0.977228878767 0.0 0.0 0.0 0.0 0.0 
0.0 0.992570433883 0.992570433883 0.0 0.0 0.0 0.0 0.0 
0.0 0.995399398914 0.995399398914 0.0 0.0 0.0 0.0 0.0 
0.0 0.983125860465 0.983125860465 0.0 0.0 0.0 0.0 0.0 
0.0 1.02236565885 1.02236565885 0.0 0.0 0.0 0.0 0.0 
0.0 1.020643921 1.020643921 0.0 0.0 0.0 0.0 0.0 
0.0 0.971791837233 0.971791837233 0.0 0.0 0.0 0.0 0.0 
0.0 0.997914854335 0.997914854335 0.0 0.0 0.0 0.0 0.0 
0.0 1.0046955139 1.0046955139 0.0 0.0 0.0 0.0 0.0 
0.0 1.02378703455 1.02378703455 0.0 0.0 0.0 0.0 0.0 
0.0 1.01245320492 1.01245320492 0.0 0.0 0.0 0.0 0.0 
0.0 0.994135508073 0.994135508073 0.0 0.0 0.0 0.0 0.0 
0.0 1.01599034198 1.01599034198 0.0 0.0 0.0 0.0 0.0 
0.0 1.02153352632 1.02153352632 0.0 0.0 0.0 0.0 0.0 
0.0 0.984090721173 0.984090721173 0.0 0.0 0.0 0.0 0.0 
0.0 1.01587828195 1.01587828195 0.0 0.0 0.0 0.0 0.0 
0.0 1.00721533315 1.00721533315 0.0 0.0 0.0 0.0 0.0 
0.0 1.02359106725 1.02359106725 0.0 0.0 0.0 0.0 0.0 
0.0 0.978009605433 0.978009605433 1.00628498126 0.0 0.0 1.00628498126 0.0 
0.0 0.998691574933 0.998691574933 0.0 0.0 0.0 0.0 0.0 
0.0 0.999396722334 0.999396722334 1.02607266289 0.0 0.0 1.02607266289 0.0 
0.0 1.01912697448 1.01912697448 1.03637700252 0.0 0.0 1.03637700252 0.0 
0.0 0.993871906986 0.993871906986 1.03708742486 0.0 0.0 1.03708742486 0.0 
0.0 1.00285067341 1.00285067341 1.02494791756 0.0 0.0 1.02494791756 0.0 
0.0 1.02818553884 1.02818553884 0.980669867558 0.0 0.0 0.980669867558 0.0 
0.0 1.03751102667 1.03751102667 1.03793658144 0.0 0.0 1.03793658144 0.0 
0.0 1.00660383892 1.00660383892 0.0 0.0 0.0 0.0 0.0 
0.0 0.99818134912 0.99818134912 0.0 0.0 0.0 0.0 0.0 
0.0 0.966628322092 0.966628322092 0.0 0.0 0.0 0.0 0.0 
0.0 0.965194899251 0.965194899251 0.0 0.0 0.0 0.0 0.0 
0.0 1.0050420393 1.0050420393 0.0 0.0 0.0 0.0 0.0 
0.0 1.0064535447 1.0064535447 0.0 0.0 0.0 0.0 0.0 
0.0 0.991164041094 0.991164041094 1.03035386195 0.0 0.0 1.03035386195 0.0 
0.0 0.999656826846 0.999656826846 1.01025115519 0.0 0.0 1.01025115519 0.0 
0.0 0.980453247702 0.980453247702 1.0168457964 0.0 0.0 1.0168457964 0.0 
0.0 1.00806656694 1.00806656694 0.989144780311 0.0 0.0 0.989144780311 0.0 
0.0 0.967222635439 0.967222635439 0.0 0.0 0.0 0.0 0.0 
0.0 1.02561226463 1.02561226463 0.0 0.0 0.0 0.0 0.0 
0.0 0.969155096437 0.969155096437 0.0 0.0 0.0 0.0 0.0 
0.0 0.983140520388 0.983140520388 1.02797594009 0.0 0.0 1.02797594009 0.0 
0.0 1.01033066149 1.01033066149 0.0 0.0 0.0 0.0 0.0 
0.0 1.01078356957 1.01078356957 0.96718045555 0.0 0.0 0.96718045555 0.0 
0.0 1.02539621918 1.02539621918 0.0 0.0 0.0 0.0 0.0 
0.0 0.981094134975 0.981094134975 0.0 0.0 0.0 0.0 0.0 
0.0 0.960305365591 0.960305365591 0.0 0.0 0.0 0.0 0.0 
0.0 1.03436938803 1.03436938803 0.998447066222 0.0 0.0 0.998447066222 0.0 
0.0 0.990916865907 0.990916865907 1.01643671336 0.0 0.0 1.01643671336 0.0 
0.0 1.00396200157 1.00396200157 0.963603205172 0.0 0.0 0.963603205172 0.0 
0.0 0.991936367569 0.991936367569 0.0 0.0 0.0 0.0 0.0 
0.0 1.00723496097 1.00723496097 1.02616551563 0.0 0.0 1.02616551563 0.0 
0.0 0.993095331677 0.993095331677 0.0 0.0 0.0 0.0 0.0 
0.0 1.00825083799 1.00825083799 1.00102217358 0.0 0.0 1.00102217358 0.0 
0.0 0.97793718868 0.97793718868 0.0 0.0 0.0 0.0 0.0 
0.0 1.02358844846 1.02358844846 0.0 0.0 0.0 0.0 0.0 
0.0 1.0056123165 1.0056123165 0.0 0.0 0.0 0.0 0.0 
0.0 0.985589447884 0.985589447884 0.0 0.0 0.0 0.0 0.0 
0.0 0.996036256525 0.996036256525 0.0 0.0 0.0 0.0 0.0 
0.0 0.968851381991 0.968851381991 0.973822567152 0.0 0.0 0.973822567152 0.0 
0.0 1.00775853797 1.00775853797 1.03690584842 0.0 0.0 1.03690584842 0.0 
0.0 0.976605096999 0.976605096999 1.01772078008 0.0 0.0 1.01772078008 0.0 
0.0 0.0 0.0 0.970833211829 0.0 0.0 0.970833211829 0.0 
0.0 0.0 0.0 0.0 0.0 0.0 0.0 0.0 
0.0 0.0 0.0 0.0 0.0 0.0 0.0 0.0 
0.0 0.0 0.0 0.0 0.0 0.0 0.0 0.0 
0.0 0.0 0.0 0.0 0.0 0.0 0.0 0.0 
0.0 0.0 0.0 1.01221930106 0.0 0.0 1.01221930106 0.0 
0.0 0.0 0.0 0.0 0.0 0.0 0.0 0.0 
0.0 0.0 0.0 0.986548056072 0.0 0.0 0.986548056072 0.0 
0.0 0.0 0.0 0.0 0.0 0.0 0.0 0.0 
0.0 0.0 0.0 1.02398059889 0.0 0.0 1.02398059889 0.0 
0.0 0.0 0.0 0.981363697543 0.0 0.0 0.981363697543 0.0 
0.0 0.0 0.0 0.995015623573 0.0 0.0 0.995015623573 0.0 
0.0 0.0 0.0 1.00005867982 0.0 0.0 1.00005867982 0.0 
0.0 0.0 0.0 1.01724052632 0.0 0.0 1.01724052632 0.0 
0.0 0.0 0.0 1.00914369723 0.0 0.0 1.00914369723 0.0 
0.0 0.0 0.0 0.970013740655 0.0 0.0 0.970013740655 0.0 
0.0 0.0 0.0 1.00257679997 0.0 0.0 1.00257679997 0.0 
0.0 0.0 0.0 0.992793604098 0.0 0.0 0.992793604098 0.0 
0.0 0.0 0.0 1.01305897661 0.0 0.0 1.01305897661 0.0 
0.0 0.0 0.0 1.02583830833 0.0 0.0 1.02583830833 0.0 
0.0 0.0 0.0 1.02328899519 0.0 0.0 1.02328899519 0.0 
0.0 0.0 0.0 1.00192873398 0.0 0.0 1.00192873398 0.0 
0.0 0.0 0.0 0.981495769912 0.0 0.0 0.981495769912 0.0 
0.0 0.0 0.0 1.00470899879 0.0 0.0 1.00470899879 0.0 
0.0 0.0 0.0 1.00377715106 0.0 0.0 1.00377715106 0.0 
0.0 0.0 0.0 0.967522838857 0.0 0.0 0.967522838857 0.0 
0.0 0.0 0.0 0.998812337411 0.0 0.0 0.998812337411 0.0 
0.0 0.0 0.0 0.993024469142 0.0 0.0 0.993024469142 0.0 
0.0 0.0 0.0 1.00830230552 0.0 0.0 1.00830230552 0.0 
0.0 0.0 0.0 1.02570549628 0.0 0.0 1.02570549628 0.0 
0.0 0.0 0.0 0.983119116356 0.0 0.0 0.983119116356 0.0 
0.0 0.0 0.0 0.99242608629 0.0 0.0 0.99242608629 0.0 
0.0 0.0 0.0 0.979191082991 0.0 0.0 0.979191082991 0.0 
0.0 0.0 0.0 0.971847768423 0.0 0.0 0.971847768423 0.0 
0.0 0.0 0.0 0.986783561544 0.0 0.0 0.986783561544 0.0 
0.0 0.0 0.0 0.9888695165 0.0 0.0 0.9888695165 0.0 
0.0 0.0 0.0 1.01423756347 0.0 0.0 1.01423756347 0.0 
0.0 0.0 0.0 0.0 0.0 0.0 0.0 0.0 
0.0 0.0 0.0 0.996260447156 0.0 0.0 0.996260447156 0.0 
0.0 0.0 0.0 0.957818957557 0.0 0.0 0.957818957557 0.0 
0.0 0.0 0.0 1.00884155793 0.0 0.0 1.00884155793 0.0 
0.0 0.0 0.0 0.992157664818 0.0 0.0 0.992157664818 0.0 
0.0 0.0 0.0 0.993932464793 0.0 0.0 0.993932464793 0.0 
0.0 0.0 0.0 0.982332016543 0.0 0.0 0.982332016543 0.0 
0.0 0.0 0.0 1.01298523519 0.0 0.0 1.01298523519 0.0 
0.0 0.0 0.0 0.987232860174 0.0 0.0 0.987232860174 0.0 
0.0 0.0 0.0 0.985961706621 0.0 0.0 0.985961706621 0.0 
0.0 0.0 0.0 0.0 0.0 0.0 0.0 0.0 
0.0 0.0 0.0 0.0 0.0 0.0 0.0 0.0 
0.0 0.0 0.0 0.984875671867 0.0 0.0 0.984875671867 0.0 
0.0 0.0 0.0 1.03150922816 0.0 0.0 1.03150922816 0.0 
0.0 0.0 0.0 0.964298536577 0.0 0.0 0.964298536577 0.0 
0.0 0.0 0.0 0.98574899619 0.0 0.0 0.98574899619 0.0 
0.0 0.0 0.0 0.0 0.0 0.0 0.0 0.0 
0.0 0.0 0.0 1.02234769149 0.0 0.0 1.02234769149 0.0 
0.0 0.0 0.0 0.969115588299 0.0 0.0 0.969115588299 0.0 
0.0 0.0 0.0 1.0361896136 0.0 0.0 1.0361896136 0.0 
0.0 0.0 0.0 0.968474834286 0.0 0.0 0.968474834286 0.0 
0.0 0.0 0.0 1.0344284619 0.0 0.0 1.0344284619 0.0 
0.0 0.0 0.0 0.0 0.0 0.0 0.0 0.0 
0.0 0.0 0.0 0.0 0.0 0.0 0.0 0.0 
0.0 0.0 0.0 0.98495781966 0.0 0.0 0.98495781966 0.0 
0.0 0.0 0.0 0.0 0.0 0.0 0.0 0.0 
0.0 0.0 0.0 1.03624952671 0.0 0.0 1.03624952671 0.0 
0.0 0.0 0.0 1.00585560746 0.0 0.0 1.00585560746 0.0 
0.0 0.0 0.0 1.06132413618 0.0 0.0 1.06132413618 0.0 
0.0 0.0 0.0 1.03350963276 0.0 0.0 1.03350963276 0.0 
0.0 0.0 0.0 1.02262643654 0.0 0.0 1.02262643654 0.0 
0.0 0.0 0.0 0.981836459697 0.0 0.0 0.981836459697 0.0 
0.0 0.0 0.0 1.02295333317 0.0 0.0 1.02295333317 0.0 
0.0 0.0 0.0 1.0215005169 0.0 0.0 1.0215005169 0.0 
0.0 0.0 0.0 0.987769420355 0.0 0.0 0.987769420355 0.0 
0.0 0.0 0.0 1.04393720929 0.0 0.0 1.04393720929 0.0 
0.0 0.0 0.0 1.00023576635 0.0 0.0 1.00023576635 0.0 
0.0 0.0 0.0 1.04354038011 0.0 0.0 1.04354038011 0.0 
0.0 0.0 0.0 0.0 0.0 1.02755178326 1.02755178326 0.0 
0.0 0.0 0.0 0.0 0.0 0.984273505127 0.984273505127 0.0 
0.0 0.0 0.0 0.0 0.0 0.9961712373 0.9961712373 0.0 
0.0 0.0 0.0 0.0 0.0 0.95770451254 0.95770451254 0.0 
0.0 0.0 0.0 0.0 0.0 1.00069313678 1.00069313678 0.0 
0.0 0.0 0.0 9.79577479545 0.0 9.79577479545 9.79577479545 0.0 
0.0 1.02578760132 1.02578760132 9.63171321674 0.0 9.63171321674 9.63171321674 0.0 
0.0 1.00175973663 1.00175973663 9.68465334951 0.0 9.68465334951 9.68465334951 0.0 
0.0 1.02220219577 1.02220219577 9.50057372668 0.0 9.50057372668 9.50057372668 0.0 
0.0 0.971921612647 0.971921612647 1.95172263372 0.0 1.95172263372 1.95172263372 0.0 
0.0 1.01362635949 1.01362635949 1.98200928969 0.0 1.98200928969 1.98200928969 0.0 
0.0 0.989228885198 0.989228885198 1.99960455769 0.0 1.99960455769 1.99960455769 0.0 
0.0 0.986049382498 0.986049382498 1.95287077766 0.0 1.95287077766 1.95287077766 0.0 
0.0 1.02017946148 1.02017946148 1.96389182598 0.0 1.96389182598 1.96389182598 0.0 
0.0 0.99374503993 0.99374503993 2.04344373045 0.0 2.04344373045 2.04344373045 0.0 
0.0 1.00006823449 1.00006823449 2.01165235251 0.0 2.01165235251 2.01165235251 0.0 
0.0 1.00357699495 1.00357699495 1.93898080914 0.0 1.93898080914 1.93898080914 0.0 
0.0 1.00372104973 1.00372104973 2.06101210583 0.0 2.06101210583 2.06101210583 0.0 
0.0 1.03913733196 1.03913733196 2.02224706001 0.0 2.02224706001 2.02224706001 0.0 
0.0 1.01495618033 1.01495618033 0.960345252889 0.0 0.0 0.960345252889 0.0 
0.0 1.04096685172 1.04096685172 1.99028804508 0.0 1.99028804508 1.99028804508 0.0 
0.0 1.02883522781 1.02883522781 2.05967642112 0.0 2.05967642112 2.05967642112 0.0 
0.0 0.973624497841 0.973624497841 1.94894201837 0.0 1.94894201837 1.94894201837 0.0 
0.0 0.0 0.0 2.00193467802 0.0 2.00193467802 2.00193467802 0.0 
0.0 0.0 0.0 0.0 0.0 1.03921945907 1.03921945907 0.0 
0.0 0.0 0.0 0.0 0.0 0.99610872605 0.99610872605 0.0 
0.0 0.0 0.0 0.0 0.0 1.02088960546 1.02088960546 0.0 
0.0 0.0 0.0 0.0 0.0 0.997957745411 0.997957745411 0.0 
0.0 0.0 0.0 0.0 0.0 0.992921538738 0.992921538738 0.0 
0.0 0.0 0.0 0.0 0.0 0.977403001184 0.977403001184 0.0 
0.0 0.0 0.0 0.0 0.0 0.997671147847 0.997671147847 0.0 
0.0 0.0 0.0 0.0 0.0 0.972604187384 0.972604187384 0.0 
0.0 0.0 0.0 0.0 0.0 1.04144232147 1.04144232147 0.0 
0.0 0.0 0.0 0.0 0.0 1.02922441525 1.02922441525 0.0 
0.0 0.0 0.0 0.0 0.0 1.02812320591 1.02812320591 0.0 
0.0 0.0 0.0 0.0 0.0 0.967851090112 0.967851090112 0.0 
0.0 0.0 0.0 0.0 0.0 0.998296623535 0.998296623535 0.0 
0.0 0.0 0.0 0.0 0.0 1.03371611526 1.03371611526 0.0 
0.0 0.0 0.0 0.0 0.0 0.965807027165 0.965807027165 0.0 
0.0 0.0 0.0 2.01951702314 0.0 2.01951702314 2.01951702314 0.0 
0.0 0.0 0.0 2.03732456241 0.0 2.03732456241 2.03732456241 0.0 
0.0 0.0 0.0 1.91400195079 0.0 1.91400195079 1.91400195079 0.0 
0.0 0.0 0.0 1.98980836022 0.0 1.98980836022 1.98980836022 0.0 
0.0 0.0 0.0 1.9810955864 0.0 1.9810955864 1.9810955864 0.0 
0.0 0.0 0.0 2.01742061303 0.0 2.01742061303 2.01742061303 0.0 
0.0 0.0 0.0 1.99162719572 0.0 1.99162719572 1.99162719572 0.0 
0.0 0.0 0.0 1.98239457372 0.0 1.98239457372 1.98239457372 0.0 
0.0 0.0 0.0 1.97901349017 0.0 1.97901349017 1.97901349017 0.0 
0.0 0.0 0.0 2.03930478041 0.0 2.03930478041 2.03930478041 0.0 
0.0 0.0 0.0 2.01635246711 0.0 2.01635246711 2.01635246711 0.0 
0.0 0.0 0.0 1.94547660523 0.0 1.94547660523 1.94547660523 0.0 
0.0 0.0 0.0 2.04985547583 0.0 2.04985547583 2.04985547583 0.0 
0.0 0.0 0.0 1.95791533732 0.0 1.95791533732 1.95791533732 0.0 
0.0 0.0 0.0 2.03348877582 0.0 2.03348877582 2.03348877582 0.0 
0.0 0.0 0.0 1.96947032438 0.0 1.96947032438 1.96947032438 0.0 
0.0 0.0 0.0 1.93060219513 0.0 1.93060219513 1.93060219513 0.0 
0.0 1.02695659389 1.02695659389 1.93510270267 0.0 1.93510270267 1.93510270267 0.0 
0.0 1.03285023851 1.03285023851 1.9783092196 0.0 1.9783092196 1.9783092196 0.0 
0.0 1.03588141022 1.03588141022 1.95661134925 0.0 1.95661134925 1.95661134925 0.0 
0.0 1.05344237794 1.05344237794 1.93531151607 0.0 1.93531151607 1.93531151607 0.0 
0.0 1.03089155719 1.03089155719 1.96763990789 0.0 1.96763990789 1.96763990789 0.0 
0.0 1.00305542242 1.00305542242 1.99452927837 0.0 1.99452927837 1.99452927837 0.0 
0.0 1.01651437292 1.01651437292 1.99979469722 0.0 1.99979469722 1.99979469722 0.0 
0.0 0.984983500516 0.984983500516 2.00316402483 0.0 2.00316402483 2.00316402483 0.0 
0.0 1.00408010799 1.00408010799 2.02947039172 0.0 2.02947039172 2.02947039172 0.0 
0.0 0.989707203244 0.989707203244 1.95761828732 0.0 1.95761828732 1.95761828732 0.0 
0.0 1.02392263744 1.02392263744 2.0353219709 0.0 2.0353219709 2.0353219709 0.0 
0.0 1.00234254236 1.00234254236 2.01117051447 0.0 2.01117051447 2.01117051447 0.0 
0.0 0.0 0.0 1.96558608154 0.0 1.96558608154 1.96558608154 0.0 
0.0 0.0 0.0 1.99004947632 0.0 1.99004947632 1.99004947632 0.0 
0.0 0.0 0.0 1.99292138552 0.0 1.99292138552 1.99292138552 0.0 
0.0 0.0 0.0 1.97599142937 0.0 1.97599142937 1.97599142937 0.0 
0.0 0.0 0.0 1.98674188705 0.0 1.98674188705 1.98674188705 0.0 
0.0 0.0 0.0 1.98321908377 0.0 1.98321908377 1.98321908377 0.0 
0.0 0.0 0.0 2.02675644963 0.0 2.02675644963 2.02675644963 0.0 
0.0 0.0 0.0 2.03707820185 0.0 2.03707820185 2.03707820185 0.0 
0.0 1.01491867243 1.01491867243 0.0 0.0 0.0 0.0 0.0 
0.0 1.02588487539 1.02588487539 1.98164008826 0.0 1.98164008826 1.98164008826 0.0 
0.0 0.987379725563 0.987379725563 3.92627166653 0.0 3.92627166653 3.92627166653 0.0 
0.0 0.0 0.0 4.04277154204 0.0 4.04277154204 4.04277154204 0.0 
0.0 0.975111796895 0.975111796895 3.86214021309 0.0 3.86214021309 3.86214021309 0.0 
0.0 1.02433233554 1.02433233554 0.0 0.0 1.0185667279 1.0185667279 0.0 
0.0 1.01319817072 1.01319817072 0.0 0.0 0.997389751097 0.997389751097 0.0 
0.0 0.98905292312 0.98905292312 3.83817245705 0.0 3.83817245705 3.83817245705 0.0 
0.0 1.01244549412 1.01244549412 4.07705796762 0.0 4.07705796762 4.07705796762 0.0 
0.0 0.997322448177 0.997322448177 0.0 0.0 0.974283011084 0.974283011084 0.0 
0.0 0.979539304498 0.979539304498 0.0 0.0 1.0169664768 1.0169664768 0.0 
0.0 1.01122658945 1.01122658945 0.0 0.0 1.02743510339 1.02743510339 0.0 
0.0 0.99518098252 0.99518098252 0.984361026295 0.0 0.0 0.984361026295 0.0 
0.0 1.0431041615 1.0431041615 0.997309185369 0.0 0.0 0.997309185369 0.0 
0.0 0.0 0.0 0.997115558045 0.0 0.0 0.997115558045 0.0 
0.0 0.0 0.0 0.993773958732 0.0 0.0 0.993773958732 0.0 
0.0 0.0 0.0 1.0007956148 0.0 0.0 1.0007956148 0.0 
0.0 0.0 0.0 0.969938111691 0.0 0.0 0.969938111691 0.0 
0.0 0.0 0.0 0.966323283101 0.0 0.0 0.966323283101 0.0 
0.0 0.0 0.0 0.98789272406 0.0 0.0 0.98789272406 0.0 
0.0 0.0 0.0 3.75334551744 0.0 3.75334551744 3.75334551744 0.0 
0.0 0.0 0.0 3.74674403217 0.0 3.74674403217 3.74674403217 0.0 
0.0 0.0 0.0 3.91803921886 0.0 3.91803921886 3.91803921886 0.0 
0.0 0.0 0.0 3.92015155093 0.0 3.92015155093 3.92015155093 0.0 
0.0 0.0 0.0 3.7888857703 0.0 3.7888857703 3.7888857703 0.0 
0.0 0.0 0.0 0.987361690169 0.0 0.0 0.987361690169 0.0 
0.0 0.0 0.0 0.98892862114 0.0 0.0 0.98892862114 0.0 
0.0 0.0 0.0 1.00207106682 0.0 0.0 1.00207106682 0.0 
0.0 0.0 0.0 4.97965514431 0.0 4.97965514431 4.97965514431 0.0 
0.0 0.0 0.0 5.10678995562 0.0 5.10678995562 5.10678995562 0.0 
0.0 0.0 0.0 5.12272353788 0.0 5.12272353788 5.12272353788 0.0 
0.0 0.0 0.0 5.08271312614 0.0 5.08271312614 5.08271312614 0.0 
0.0 0.0 0.0 1.01812689474 0.0 0.0 1.01812689474 0.0 
0.0 0.0 0.0 4.96815828143 0.0 4.96815828143 4.96815828143 0.0 
0.0 0.0 0.0 0.0 0.0 1.02753377888 1.02753377888 0.0 
0.0 0.0 0.0 0.0 0.0 0.98864086062 0.98864086062 0.0 
0.0 0.0 0.0 0.0 0.0 0.992325407482 0.992325407482 0.0 
0.0 0.0 0.0 0.0 0.0 1.00293123279 1.00293123279 0.0 
0.0 0.0 0.0 3.28517160597 0.0 3.28517160597 3.28517160597 0.0 
0.0 0.0 0.0 3.37582638734 0.0 3.37582638734 3.37582638734 0.0 
0.0 0.0 0.0 1.00864561172 0.0 0.0 1.00864561172 0.0 
0.0 0.0 0.0 1.02625268875 0.0 0.0 1.02625268875 0.0 
0.0 0.0 0.0 2.413571016 0.0 2.413571016 2.413571016 0.0 
0.0 0.0 0.0 2.29685631069 0.0 2.29685631069 2.29685631069 0.0 
0.0 0.0 0.0 2.39628608354 0.0 2.39628608354 2.39628608354 0.0 
0.0 0.0 0.0 2.40414771288 0.0 2.40414771288 2.40414771288 0.0 
0.0 0.0 0.0 1.89285305588 0.0 1.89285305588 1.89285305588 0.0 
0.0 0.0 0.0 1.98963107369 0.0 1.98963107369 1.98963107369 0.0 
0.0 0.0 0.0 2.01133531515 0.0 2.01133531515 2.01133531515 0.0 
0.0 0.0 0.0 2.01512083879 0.0 2.01512083879 2.01512083879 0.0 
0.0 0.0 0.0 1.97365894172 0.0 1.97365894172 1.97365894172 0.0 
0.0 0.0 0.0 2.01106621748 0.0 2.01106621748 2.01106621748 0.0 
0.0 0.0 0.0 2.0123106417 0.0 2.0123106417 2.0123106417 0.0 
0.0 0.0 0.0 2.0005589989 0.0 2.0005589989 2.0005589989 0.0 
0.0 0.0 0.0 2.05408658048 0.0 2.05408658048 2.05408658048 0.0 
0.0 0.0 0.0 2.02347826398 0.0 2.02347826398 2.02347826398 0.0 
0.0 0.0 0.0 2.03342737589 0.0 2.03342737589 2.03342737589 0.0 
0.0 0.0 0.0 2.00224800698 0.0 2.00224800698 2.00224800698 0.0 
0.0 0.0 0.0 1.98523887843 0.0 1.98523887843 1.98523887843 0.0 
0.0 0.0 0.0 2.04775084809 0.0 2.04775084809 2.04775084809 0.0 
0.0 0.0 0.0 2.01703225098 0.0 2.01703225098 2.01703225098 0.0 
0.0 0.0 0.0 2.03263970277 0.0 2.03263970277 2.03263970277 0.0 
0.0 0.0 0.0 1.97846280056 0.0 1.97846280056 1.97846280056 0.0 
0.0 0.0 0.0 2.01414016355 0.0 2.01414016355 2.01414016355 0.0 
0.0 0.0 0.0 2.01642599316 0.0 2.01642599316 2.01642599316 0.0 
0.0 0.0 0.0 1.96447875582 0.0 1.96447875582 1.96447875582 0.0 
0.0 0.0 0.0 2.01148767027 0.0 2.01148767027 2.01148767027 0.0 
0.0 0.0 0.0 2.01866473256 0.0 2.01866473256 2.01866473256 0.0 
0.0 0.0 0.0 1.98487651788 0.0 1.98487651788 1.98487651788 0.0 
0.0 0.0 0.0 1.98240084694 0.0 1.98240084694 1.98240084694 0.0 
0.0 0.0 0.0 2.04578488168 0.0 2.04578488168 2.04578488168 0.0 
0.0 0.0 0.0 2.05282074776 0.0 2.05282074776 2.05282074776 0.0 
0.0 0.0 0.0 1.9888396456 0.0 1.9888396456 1.9888396456 0.0 
0.0 0.0 0.0 2.02990158355 0.0 2.02990158355 2.02990158355 0.0 
0.0 0.0 0.0 1.9311433725 0.0 1.9311433725 1.9311433725 0.0 
0.0 0.0 0.0 0.958120898997 0.0 0.0 0.958120898997 0.0 
0.0 0.0 0.0 1.0364847182 0.0 0.0 1.0364847182 0.0 
0.0 0.0 0.0 1.96492178219 0.0 1.96492178219 1.96492178219 0.0 
0.0 0.0 0.0 2.03336908731 0.0 2.03336908731 2.03336908731 0.0 
0.0 0.962633837141 0.962633837141 1.96499606258 0.0 1.96499606258 1.96499606258 0.0 
0.0 0.0 0.0 1.97380306333 0.0 1.97380306333 1.97380306333 0.0 
0.0 0.0 0.0 1.92609275552 0.0 1.92609275552 1.92609275552 0.0 
0.0 0.0 0.0 2.00026555835 0.0 2.00026555835 2.00026555835 0.0 
0.0 0.0 0.0 1.93997913824 0.0 1.93997913824 1.93997913824 0.0 
0.0 0.0 0.0 2.05731838957 0.0 2.05731838957 2.05731838957 0.0 
0.0 0.0 0.0 1.97338753483 0.0 1.97338753483 1.97338753483 0.0 
0.0 0.0 0.0 2.03243817827 0.0 2.03243817827 2.03243817827 0.0 
0.0 0.970517378096 0.970517378096 2.03531263692 0.0 2.03531263692 2.03531263692 0.0 
0.0 0.0 0.0 2.01877083222 0.0 2.01877083222 2.01877083222 0.0 
0.0 0.0 0.0 1.99605764607 0.0 1.99605764607 1.99605764607 0.0 
0.0 0.0 0.0 2.04302846512 0.0 2.04302846512 2.04302846512 0.0 
0.0 0.0 0.0 2.05855207022 0.0 2.05855207022 2.05855207022 0.0 
0.0 0.0 0.0 1.92896982689 0.0 1.92896982689 1.92896982689 0.0 
0.0 0.0 0.0 1.99450790099 0.0 1.99450790099 1.99450790099 0.0 
0.0 0.0 0.0 2.04433859505 0.0 2.04433859505 2.04433859505 0.0 
0.0 0.0 0.0 2.02749187722 0.0 2.02749187722 2.02749187722 0.0 
0.0 0.0 0.0 1.98143298732 0.0 1.98143298732 1.98143298732 0.0 
0.0 0.0 0.0 1.98363203159 0.0 1.98363203159 1.98363203159 0.0 
0.0 0.0 0.0 2.05817718094 0.0 2.05817718094 2.05817718094 0.0 
0.0 0.982473127414 0.982473127414 1.97562393323 0.0 1.97562393323 1.97562393323 0.0 
0.0 1.00095526283 1.00095526283 1.98367634008 0.0 1.98367634008 1.98367634008 0.0 
0.0 0.997516332811 0.997516332811 1.9814598958 0.0 1.9814598958 1.9814598958 0.0 
0.0 0.996115222665 0.996115222665 1.9629416267 0.0 1.9629416267 1.9629416267 0.0 
0.0 1.02273121398 1.02273121398 2.03356967054 0.0 2.03356967054 2.03356967054 0.0 
0.0 0.995274792984 0.995274792984 1.95927050676 0.0 1.95927050676 1.95927050676 0.0 
0.0 1.01408438732 1.01408438732 1.97084076483 0.0 1.97084076483 1.97084076483 0.0 
0.0 0.0 0.0 1.95240249881 0.0 1.95240249881 1.95240249881 0.0 
0.0 0.0 0.0 1.92412772682 0.0 1.92412772682 1.92412772682 0.0 
0.0 0.996027917775 0.996027917775 2.03399106508 0.0 2.03399106508 2.03399106508 0.0 
0.0 0.999946175305 0.999946175305 2.00374215978 0.0 2.00374215978 2.00374215978 0.0 
0.0 0.983893706767 0.983893706767 2.02690346928 0.0 2.02690346928 2.02690346928 0.0 
0.0 0.987312327959 0.987312327959 2.01442812173 0.0 2.01442812173 2.01442812173 0.0 
0.0 0.0 0.0 2.04220098964 0.0 2.04220098964 2.04220098964 0.0 
0.0 0.0 0.0 1.9916511948 0.0 1.9916511948 1.9916511948 0.0 
0.0 0.0 0.0 2.02334457041 0.0 2.02334457041 2.02334457041 0.0 
0.0 0.0 0.0 2.01339640365 0.0 2.01339640365 2.01339640365 0.0 
0.0 0.0 0.0 1.99645151147 0.0 1.99645151147 1.99645151147 0.0 
0.0 0.0 0.0 2.00134740927 0.0 2.00134740927 2.00134740927 0.0 
0.0 1.00762554717 1.00762554717 1.98541969553 0.0 1.98541969553 1.98541969553 0.0 
0.0 1.01139539728 1.01139539728 2.03958238872 0.0 2.03958238872 2.03958238872 0.0 
0.0 0.979841265672 0.979841265672 1.92611325289 0.0 1.92611325289 1.92611325289 0.0 
0.0 1.03682858349 1.03682858349 2.0144879426 0.0 2.0144879426 2.0144879426 0.0 
0.0 1.01399631743 1.01399631743 2.00553030857 0.0 2.00553030857 2.00553030857 0.0 
0.0 1.01494842061 1.01494842061 2.02371918686 0.0 2.02371918686 2.02371918686 0.0 
0.0 1.00372658494 1.00372658494 1.97509556674 0.0 1.97509556674 1.97509556674 0.0 
0.0 0.998117673968 0.998117673968 1.98874901499 0.0 1.98874901499 1.98874901499 0.0 
0.0 1.02680665538 1.02680665538 1.96916618362 0.0 1.96916618362 1.96916618362 0.0 
0.0 1.03691154344 1.03691154344 2.0028441852 0.0 2.0028441852 2.0028441852 0.0 
0.0 1.02434198384 1.02434198384 2.04181884145 0.0 2.04181884145 2.04181884145 0.0 
0.0 1.02595598549 1.02595598549 1.90704943205 0.0 1.90704943205 1.90704943205 0.0 
0.0 0.963226865328 0.963226865328 1.92394371847 0.0 1.92394371847 1.92394371847 0.0 
0.0 1.01776842164 1.01776842164 1.97708314331 0.0 1.97708314331 1.97708314331 0.0 
0.0 0.977104080138 0.977104080138 1.91927516594 0.0 1.91927516594 1.91927516594 0.0 
0.0 1.03285438233 1.03285438233 1.99021784946 0.0 1.99021784946 1.99021784946 0.0 
0.0 1.02905265034 1.02905265034 1.99086460796 0.0 1.99086460796 1.99086460796 0.0 
0.0 0.994963991142 0.994963991142 2.00405061396 0.0 2.00405061396 2.00405061396 0.0 
0.0 0.973191139559 0.973191139559 1.95743076181 0.0 1.95743076181 1.95743076181 0.0 
0.0 1.00384249029 1.00384249029 1.98787992603 0.0 1.98787992603 1.98787992603 0.0 
0.0 0.983995018557 0.983995018557 1.97552782928 0.0 1.97552782928 1.97552782928 0.0 
0.0 0.992390488395 0.992390488395 1.95610660097 0.0 1.95610660097 1.95610660097 0.0 
0.0 0.985921095734 0.985921095734 1.98912253481 0.0 1.98912253481 1.98912253481 0.0 
0.0 0.0 0.0 2.01484780368 0.0 2.01484780368 2.01484780368 0.0 
0.0 0.989530985388 0.989530985388 1.95883738145 0.0 1.95883738145 1.95883738145 0.0 
0.0 0.0 0.0 1.94599723775 0.0 1.94599723775 1.94599723775 0.0 
0.0 0.0 0.0 1.9500051253 0.0 1.9500051253 1.9500051253 0.0 
0.0 0.985628796581 0.985628796581 2.02882370959 0.0 2.02882370959 2.02882370959 0.0 
0.0 0.0 0.0 1.96758719765 0.0 1.96758719765 1.96758719765 0.0 
0.0 0.0 0.0 2.03471656894 0.0 2.03471656894 2.03471656894 0.0 
0.0 0.0 0.0 2.03750116649 0.0 2.03750116649 2.03750116649 0.0 
0.0 0.0 0.0 2.01738742069 0.0 2.01738742069 2.01738742069 0.0 
0.0 0.0 0.0 2.005053368 0.0 2.005053368 2.005053368 0.0 
0.0 0.996274128322 0.996274128322 1.94474291638 0.0 1.94474291638 1.94474291638 0.0 
0.0 1.02386582457 1.02386582457 2.04446568226 0.0 2.04446568226 2.04446568226 0.0 
0.0 0.0 0.0 2.00548381208 0.0 2.00548381208 2.00548381208 0.0 
0.0 0.975582403822 0.975582403822 1.9623117425 0.0 1.9623117425 1.9623117425 0.0 
0.0 0.0 0.0 2.00853810791 0.0 2.00853810791 2.00853810791 0.0 
0.0 0.0 0.0 1.95800918862 0.0 1.95800918862 1.95800918862 0.0 
0.0 0.975350796083 0.975350796083 2.02421444893 0.0 2.02421444893 2.02421444893 0.0 
0.0 1.00139004463 1.00139004463 2.02215759422 1.017106139 2.02215759422 2.02215759422 1.017106139 
0.0 0.0 0.0 2.00274585948 1.02838062837 2.00274585948 2.00274585948 1.02838062837 
0.0 1.01259140843 1.01259140843 2.02901096108 1.01844558584 2.02901096108 2.02901096108 1.01844558584 
0.0 0.0 0.0 2.0159897557 0.999960249958 2.0159897557 2.0159897557 0.999960249958 
0.0 1.01404065588 1.01404065588 2.00749223962 1.01168137436 2.00749223962 2.00749223962 1.01168137436 
0.0 0.0 0.0 1.97269191101 0.958393188525 1.97269191101 1.97269191101 0.958393188525 
0.0 0.988847964245 0.988847964245 2.00858423913 1.04049622601 2.00858423913 2.00858423913 1.04049622601 
0.0 0.983647707327 0.983647707327 2.01945124547 1.0079065744 2.01945124547 2.01945124547 1.0079065744 
0.0 1.02309163898 1.02309163898 2.03210699099 0.986334827147 2.03210699099 2.03210699099 0.986334827147 
0.0 0.982324632972 0.982324632972 1.94489182497 0.986819398631 1.94489182497 1.94489182497 0.986819398631 
0.0 1.0463428643 1.0463428643 1.98480680188 0.996324956946 1.98480680188 1.98480680188 0.996324956946 
0.0 1.03189412088 1.03189412088 1.94855417439 1.0303257376 1.94855417439 1.94855417439 1.0303257376 
0.0 1.03350149796 1.03350149796 1.03322004119 0.988568920108 0.0 1.03322004119 0.988568920108 
0.0 0.0 0.0 1.97798712783 1.02146253683 1.97798712783 1.97798712783 1.02146253683 
0.0 0.0 0.0 1.97263957056 1.03742403762 1.97263957056 1.97263957056 1.03742403762 
0.0 0.0 0.0 2.02148536845 0.986868758256 2.02148536845 2.02148536845 0.986868758256 
0.0 0.981145174128 0.981145174128 2.00779532234 0.988786837457 2.00779532234 2.00779532234 0.988786837457 
0.0 1.05330795982 1.05330795982 1.99342340761 0.992316421294 1.99342340761 1.99342340761 0.992316421294 
0.0 0.99813337209 0.99813337209 1.98044943111 1.00794127153 1.98044943111 1.98044943111 1.00794127153 
0.0 0.998633515815 0.998633515815 1.99336774402 0.960674049893 1.99336774402 1.99336774402 0.960674049893 
0.0 0.970744360044 0.970744360044 2.03252155917 1.03280414724 2.03252155917 2.03252155917 1.03280414724 
0.0 1.00954347797 1.00954347797 1.97328808144 0.990786036667 1.97328808144 1.97328808144 0.990786036667 
0.0 1.02776078521 1.02776078521 1.99390715719 0.974110863102 1.99390715719 1.99390715719 0.974110863102 
0.0 0.0 0.0 2.00727765245 1.0134420323 2.00727765245 2.00727765245 1.0134420323 
0.0 0.0 0.0 1.96047161771 0.963253302814 1.96047161771 1.96047161771 0.963253302814 
0.0 0.0 0.0 1.94142079482 0.997657325883 1.94142079482 1.94142079482 0.997657325883 
0.0 0.0 0.0 1.93765622285 1.03179164708 1.93765622285 1.93765622285 1.03179164708 
0.0 0.0 0.0 1.02840065086 1.038742701 0.0 1.02840065086 1.038742701 
0.0 0.0 0.0 2.02325665486 0.980560513754 2.02325665486 2.02325665486 0.980560513754 
0.0 0.0 0.0 1.97611361724 1.02500975288 1.97611361724 1.97611361724 1.02500975288 
0.0 0.0 0.0 2.02676913706 0.985466096712 2.02676913706 2.02676913706 0.985466096712 
0.0 0.0 0.0 1.98829344904 0.992619477352 1.98829344904 1.98829344904 0.992619477352 
0.0 0.0 0.0 2.03134222385 1.02917856021 2.03134222385 2.03134222385 1.02917856021 
0.0 0.0 0.0 1.99714481441 1.00829195851 1.99714481441 1.99714481441 1.00829195851 
0.0 0.0 0.0 2.01310964309 0.982040482743 2.01310964309 2.01310964309 0.982040482743 
0.0 0.0 0.0 2.05416259142 1.05803851438 2.05416259142 2.05416259142 1.05803851438 
0.0 0.0 0.0 1.98777202611 1.02631282878 1.98777202611 1.98777202611 1.02631282878 
0.0 0.0 0.0 1.98434051789 0.979436829441 1.98434051789 1.98434051789 0.979436829441 
0.0 0.0 0.0 2.02278930421 1.01008847358 2.02278930421 2.02278930421 1.01008847358 
0.0 0.0 0.0 1.94699011873 1.02486460117 1.94699011873 1.94699011873 1.02486460117 
0.0 0.0 0.0 1.04311139815 0.967531502983 0.0 1.04311139815 0.967531502983 
0.0 0.0 0.0 1.02832138924 0.0 0.0 1.02832138924 0.0 
0.0 0.0 0.0 1.92959833307 0.0 1.92959833307 1.92959833307 0.0 
0.0 0.0 0.0 1.97383085236 1.00555278142 1.97383085236 1.97383085236 1.00555278142 
0.0 0.0 0.0 2.04876208327 0.99479546213 2.04876208327 2.04876208327 0.99479546213 
0.0 0.0 0.0 1.92753553737 1.00989420081 1.92753553737 1.92753553737 1.00989420081 
0.0 0.0 0.0 1.98744344092 1.00700736045 1.98744344092 1.98744344092 1.00700736045 
0.0 0.0 0.0 1.96480703216 0.974863899839 1.96480703216 1.96480703216 0.974863899839 
0.0 0.0 0.0 1.96363681677 1.00596406502 1.96363681677 1.96363681677 1.00596406502 
0.0 0.0 0.0 1.91684603281 0.982769203407 1.91684603281 1.91684603281 0.982769203407 
0.0 0.0 0.0 0.0 0.0 0.988868245249 0.988868245249 0.0 
0.0 0.0 0.0 2.02044318888 0.0 2.02044318888 2.02044318888 0.0 
0.0 0.0 0.0 0.0 0.0 1.02959584313 1.02959584313 0.0 
0.0 0.0 0.0 0.0 0.0 1.03179892891 1.03179892891 0.0 
0.0 0.0 0.0 2.05577295446 0.0 2.05577295446 2.05577295446 0.0 
0.0 0.0 0.0 2.01239767833 0.0 2.01239767833 2.01239767833 0.0 
0.0 0.0 0.0 2.01086819861 0.0 2.01086819861 2.01086819861 0.0 
0.0 0.0 0.0 2.06227202312 0.0 2.06227202312 2.06227202312 0.0 
0.0 0.0 0.0 2.00468515336 0.0 2.00468515336 2.00468515336 0.0 
0.0 0.0 0.0 2.02438025085 0.0 2.02438025085 2.02438025085 0.0 
0.0 0.0 0.0 2.04537625029 0.0 2.04537625029 2.04537625029 0.0 
0.0 0.0 0.0 1.98079155479 0.0 1.98079155479 1.98079155479 0.0 
0.0 0.0 0.0 1.93845196214 0.0 1.93845196214 1.93845196214 0.0 
0.0 0.0 0.0 1.97268036133 0.0 1.97268036133 1.97268036133 0.0 
0.0 0.0 0.0 1.94981596116 0.0 1.94981596116 1.94981596116 0.0 
0.0 0.0 0.0 1.97272088862 0.0 1.97272088862 1.97272088862 0.0 
0.0 0.0 0.0 1.89044916788 0.0 1.89044916788 1.89044916788 0.0 
0.0 0.0 0.0 2.06832861467 0.0 2.06832861467 2.06832861467 0.0 
0.0 0.0 0.0 2.02441530826 0.0 2.02441530826 2.02441530826 0.0 
0.0 0.0 0.0 0.0 0.0 0.948163785018 0.948163785018 0.0 
0.0 0.0 0.0 1.96154953414 0.0 1.96154953414 1.96154953414 0.0 
0.0 0.0 0.0 1.928484088 0.0 1.928484088 1.928484088 0.0 
0.0 0.0 0.0 1.91773400551 0.0 1.91773400551 1.91773400551 0.0 
0.0 0.0 0.0 0.0 0.0 0.989825362896 0.989825362896 0.0 
0.0 0.0 0.0 1.94718494142 0.0 1.94718494142 1.94718494142 0.0 
0.0 0.0 0.0 1.96332092635 0.0 1.96332092635 1.96332092635 0.0 
0.0 0.0 0.0 1.98984324942 0.0 1.98984324942 1.98984324942 0.0 
0.0 0.0 0.0 2.00795308947 0.0 2.00795308947 2.00795308947 0.0 
0.0 0.0 0.0 2.06516826987 0.0 2.06516826987 2.06516826987 0.0 
0.0 0.0 0.0 0.0 0.0 0.995953230454 0.995953230454 0.0 
0.0 0.0 0.0 1.98510573185 0.0 1.98510573185 1.98510573185 0.0 
0.0 0.0 0.0 0.0 0.0 0.996474062757 0.996474062757 0.0 
0.0 0.0 0.0 0.0 0.993190314093 1.01159072536 1.01159072536 0.993190314093 
0.0 0.0 0.0 0.0 1.01054474741 0.999763414491 0.999763414491 1.01054474741 
0.0 0.0 0.0 0.0 1.01458702289 0.990304689531 0.990304689531 1.01458702289 
0.0 0.0 0.0 1.95848578851 0.990298763069 1.95848578851 1.95848578851 0.990298763069 
0.0 0.0 0.0 1.93236604314 1.03859525768 1.93236604314 1.93236604314 1.03859525768 
0.0 0.0 0.0 1.01726374994 0.999431572941 0.0 1.01726374994 0.999431572941 
0.0 0.0 0.0 1.00519357569 1.01494423226 0.0 1.00519357569 1.01494423226 
0.0 0.0 0.0 0.97959992629 0.983483846008 0.0 0.97959992629 0.983483846008 
0.0 0.0 0.0 0.994071525231 1.02638583826 0.0 0.994071525231 1.02638583826 
0.0 0.0 0.0 0.967290307453 0.973334957474 0.0 0.967290307453 0.973334957474 
0.0 0.0 0.0 0.999130164159 1.04403732665 0.0 0.999130164159 1.04403732665 
0.0 0.0 0.0 0.99411335986 1.0429353715 0.0 0.99411335986 1.0429353715 
0.0 0.0 0.0 1.00669731371 0.995858939457 0.0 1.00669731371 0.995858939457 
0.0 0.0 0.0 0.997251687474 1.01186921745 0.0 0.997251687474 1.01186921745 
0.0 0.0 0.0 1.02710030164 1.01551162804 0.0 1.02710030164 1.01551162804 
0.0 0.0 0.0 1.00386509709 0.986590882343 0.0 1.00386509709 0.986590882343 
0.0 0.0 0.0 1.00040338771 1.01707975692 0.0 1.00040338771 1.01707975692 
0.0 0.0 0.0 1.00071829151 1.04257674675 0.0 1.00071829151 1.04257674675 
0.0 0.0 0.0 0.999645141593 1.03588113027 0.0 0.999645141593 1.03588113027 
0.0 0.0 0.0 0.997910188182 0.980854561152 0.0 0.997910188182 0.980854561152 
0.0 0.0 0.0 1.02743722115 0.989753378235 0.0 1.02743722115 0.989753378235 
0.0 0.0 0.0 0.990461616203 0.962100131931 0.0 0.990461616203 0.962100131931 
0.0 0.0 0.0 0.992198337049 0.988057707987 0.0 0.992198337049 0.988057707987 
0.0 0.0 0.0 0.998261794175 1.00480126622 0.0 0.998261794175 1.00480126622 
0.0 0.0 0.0 0.972281328562 0.99074728331 0.0 0.972281328562 0.99074728331 
0.0 0.0 0.0 1.00730588563 1.00573844473 0.0 1.00730588563 1.00573844473 
0.0 0.0 0.0 0.99709813983 0.99551732371 0.0 0.99709813983 0.99551732371 
0.0 0.0 0.0 1.02777228814 1.00442912159 0.0 1.02777228814 1.00442912159 
0.0 0.0 0.0 1.03425761569 1.04306485298 0.0 1.03425761569 1.04306485298 
0.0 0.0 0.0 1.02218964028 0.950245540313 0.0 1.02218964028 0.950245540313 
0.0 0.0 0.0 0.0 1.03237128266 0.0 0.0 1.03237128266 
0.0 0.0 0.0 1.03005843127 0.981932479723 0.0 1.03005843127 0.981932479723 
0.0 0.0 0.0 0.0 1.02866630826 0.0 0.0 1.02866630826 
0.0 0.0 0.0 0.0 1.0162711075 0.0 0.0 1.0162711075 
0.0 0.0 0.0 0.981380193576 1.00654338868 0.0 0.981380193576 1.00654338868 
0.0 0.0 0.0 0.0 0.985945425296 0.0 0.0 0.985945425296 
0.0 0.0 0.0 0.0 0.998918029252 0.0 0.0 0.998918029252 
0.0 0.0 0.0 0.982484551879 0.970302326937 0.0 0.982484551879 0.970302326937 
0.0 0.0 0.0 0.997080569683 1.02081833088 0.0 0.997080569683 1.02081833088 
0.0 0.0 0.0 0.98379383573 1.00759682136 0.0 0.98379383573 1.00759682136 
0.0 0.0 0.0 1.04806218524 0.997914230881 0.0 1.04806218524 0.997914230881 
0.0 0.0 0.0 0.997941386722 0.988427720731 0.0 0.997941386722 0.988427720731 
0.0 0.0 0.0 0.996065547319 0.979294824067 0.0 0.996065547319 0.979294824067 
0.0 0.0 0.0 1.01481188463 1.00647490318 0.0 1.01481188463 1.00647490318 
0.0 0.0 0.0 0.996554150219 1.01239787292 0.0 0.996554150219 1.01239787292 
0.0 0.0 0.0 0.989367049074 0.997902651104 0.0 0.989367049074 0.997902651104 
0.0 0.0 0.0 0.999369770534 1.04206194155 0.0 0.999369770534 1.04206194155 
0.0 0.0 0.0 1.00938577874 0.992981466222 0.0 1.00938577874 0.992981466222 
0.0 0.0 0.0 1.00683429646 1.03011937169 0.0 1.00683429646 1.03011937169 
0.0 0.0 0.0 1.00696078221 1.02779830154 0.0 1.00696078221 1.02779830154 
0.0 0.0 0.0 0.992602779764 1.02835700596 0.0 0.992602779764 1.02835700596 
0.0 0.0 0.0 1.01016525873 0.975150382704 0.0 1.01016525873 0.975150382704 
0.0 0.0 0.0 0.999745782893 1.02937825525 0.0 0.999745782893 1.02937825525 
0.0 0.0 0.0 1.00483427479 0.984074314699 0.0 1.00483427479 0.984074314699 
0.0 0.0 0.0 1.02505864598 1.02416221394 0.0 1.02505864598 1.02416221394 
0.0 0.0 0.0 0.981870463282 0.976228364895 0.0 0.981870463282 0.976228364895 
0.0 0.0 0.0 1.00144472617 1.00466415514 0.0 1.00144472617 1.00466415514 
0.0 0.0 0.0 0.986436021125 1.03349537555 0.0 0.986436021125 1.03349537555 
0.0 0.0 0.0 1.00184365974 1.03645867878 0.0 1.00184365974 1.03645867878 
0.0 0.0 0.0 1.03429151921 0.973094578069 0.0 1.03429151921 0.973094578069 
0.0 0.0 0.0 0.980914766298 0.961870875236 0.0 0.980914766298 0.961870875236 
0.0 0.0 0.0 1.02848573306 1.02950333873 0.0 1.02848573306 1.02950333873 
0.0 0.0 0.0 1.0533910829 0.987725810363 0.0 1.0533910829 0.987725810363 
0.0 0.0 0.0 1.02586325146 0.993822622317 0.0 1.02586325146 0.993822622317 
0.0 0.0 0.0 1.0448571225 0.975752951285 0.0 1.0448571225 0.975752951285 
0.0 0.0 0.0 0.96792810103 0.994088096542 0.0 0.96792810103 0.994088096542 
0.0 0.0 0.0 1.02424944896 1.02596193973 0.0 1.02424944896 1.02596193973 
0.0 0.0 0.0 0.998031684333 1.02341810523 0.0 0.998031684333 1.02341810523 
0.0 0.0 0.0 1.01251487961 0.997045812983 0.0 1.01251487961 0.997045812983 
0.0 0.0 0.0 0.977158764781 0.9826586346 0.0 0.977158764781 0.9826586346 
0.0 0.0 0.0 1.03400813958 0.0 0.0 1.03400813958 0.0 
0.0 0.0 0.0 0.962032315135 0.0 0.0 0.962032315135 0.0 
0.0 0.0 0.0 1.03109478788 0.0 0.0 1.03109478788 0.0 
0.0 0.0 0.0 1.02381850826 0.983865072046 0.0 1.02381850826 0.983865072046 
0.0 0.0 0.0 1.00373219233 0.0 0.0 1.00373219233 0.0 
0.0 0.0 0.0 1.0020705122 1.01208074985 0.0 1.0020705122 1.01208074985 
0.0 0.0 0.0 1.0007172508 1.00980400114 0.0 1.0007172508 1.00980400114 
0.0 0.0 0.0 1.01988711478 0.992042393306 0.0 1.01988711478 0.992042393306 
0.0 0.0 0.0 0.981236724706 1.00989152177 0.0 0.981236724706 1.00989152177 
0.0 0.0 0.0 1.00896730361 0.994436406605 0.0 1.00896730361 0.994436406605 
0.0 0.0 0.0 1.00056905252 0.995162503039 0.0 1.00056905252 0.995162503039 
0.0 0.0 0.0 0.983518860933 1.01688790897 0.0 0.983518860933 1.01688790897 
0.0 0.0 0.0 0.99896171694 1.01202915425 0.0 0.99896171694 1.01202915425 
0.0 0.0 0.0 0.989055080297 0.982252877335 0.0 0.989055080297 0.982252877335 
0.0 0.0 0.0 1.02797262332 0.997687327025 0.0 1.02797262332 0.997687327025 
0.0 0.0 0.0 1.01880271514 1.00049356121 0.0 1.01880271514 1.00049356121 
0.0 0.0 0.0 1.04103047586 1.01231901756 0.0 1.04103047586 1.01231901756 
0.0 0.0 0.0 1.02769443617 0.9842150551 0.0 1.02769443617 0.9842150551 
0.0 0.0 0.0 1.02372068943 1.01103543298 0.0 1.02372068943 1.01103543298 
0.0 0.0 0.0 1.03910117444 1.00599622065 0.0 1.03910117444 1.00599622065 
0.0 0.0 0.0 0.997525386851 0.990674831575 0.0 0.997525386851 0.990674831575 
0.0 0.0 0.0 0.996494907182 1.01694505606 0.0 0.996494907182 1.01694505606 
0.0 0.0 0.0 1.02070524694 0.992108364224 0.0 1.02070524694 0.992108364224 
0.0 0.0 0.0 1.05075503486 1.01616016677 0.0 1.05075503486 1.01616016677 
0.0 0.0 0.0 0.958374792842 0.986721679029 0.0 0.958374792842 0.986721679029 
0.0 0.0 0.0 0.978800265764 0.986820170971 0.0 0.978800265764 0.986820170971 
0.0 0.0 0.0 1.01285174571 1.01898834553 0.0 1.01285174571 1.01898834553 
0.0 0.0 0.0 0.996513120741 1.03527198859 0.0 0.996513120741 1.03527198859 
0.0 0.0 0.0 1.00034133433 1.02942453299 0.0 1.00034133433 1.02942453299 
0.0 0.0 0.0 0.0 0.982988751923 0.0 0.0 0.982988751923 
0.0 0.0 0.0 0.966333769075 1.00880661027 0.0 0.966333769075 1.00880661027 
0.0 0.0 0.0 1.02357867343 0.970313124245 0.0 1.02357867343 0.970313124245 
0.0 0.0 0.0 0.99565739781 1.00509193338 0.0 0.99565739781 1.00509193338 
0.0 0.0 0.0 0.96891082126 1.01481612452 0.0 0.96891082126 1.01481612452 
0.0 0.0 0.0 0.993788568136 0.989858065808 0.0 0.993788568136 0.989858065808 
0.0 0.0 0.0 0.958522257138 0.961000196708 0.0 0.958522257138 0.961000196708 
0.0 0.0 0.0 1.01134017606 1.00877844549 0.0 1.01134017606 1.00877844549 
0.0 0.0 0.0 1.00386428043 0.996921669782 0.0 1.00386428043 0.996921669782 
0.0 0.0 0.0 1.00800571084 0.998966084808 0.0 1.00800571084 0.998966084808 
0.0 0.0 0.0 0.972360448782 1.0207107796 0.0 0.972360448782 1.0207107796 
0.0 0.0 0.0 0.969955322185 1.02137462699 0.0 0.969955322185 1.02137462699 
0.0 0.0 0.0 1.02138162015 0.994752647304 0.0 1.02138162015 0.994752647304 
0.0 0.0 0.0 1.02036655275 1.02062654269 0.0 1.02036655275 1.02062654269 
0.0 0.0 0.0 1.0339400999 1.0187166617 0.0 1.0339400999 1.0187166617 
0.0 0.0 0.0 0.983367124062 1.00383652729 0.0 0.983367124062 1.00383652729 
0.0 0.0 0.0 0.978486454257 0.980561408662 0.0 0.978486454257 0.980561408662 
0.0 0.0 0.0 1.02217647233 0.988426238528 0.0 1.02217647233 0.988426238528 
0.0 0.0 0.0 0.968972811782 1.02281351126 0.0 0.968972811782 1.02281351126 
0.0 0.0 0.0 1.02790584582 0.996362420139 0.0 1.02790584582 0.996362420139 
0.0 0.0 0.0 0.983277055775 1.01028248945 0.0 0.983277055775 1.01028248945 
0.0 0.0 0.0 1.01518580873 0.981611135357 0.0 1.01518580873 0.981611135357 
0.0 0.0 0.0 0.988339397011 1.01510144809 0.0 0.988339397011 1.01510144809 
0.0 0.0 0.0 1.00179746805 1.03727794319 0.0 1.00179746805 1.03727794319 
0.0 0.0 0.0 1.02214196567 0.98702155325 0.0 1.02214196567 0.98702155325 
0.0 0.0 0.0 1.02003051609 1.00266107025 0.0 1.02003051609 1.00266107025 
0.0 0.0 0.0 0.963527371898 1.01077002853 0.0 0.963527371898 1.01077002853 
0.0 0.0 0.0 1.0079384004 0.986475452442 0.0 1.0079384004 0.986475452442 
0.0 0.0 0.0 1.00648656849 0.971932993508 0.0 1.00648656849 0.971932993508 
0.0 0.0 0.0 0.997639863416 1.01524458861 0.0 0.997639863416 1.01524458861 
0.0 0.0 0.0 0.988132516704 0.996362179475 0.0 0.988132516704 0.996362179475 
0.0 0.0 0.0 0.985987596572 1.02321352975 0.0 0.985987596572 1.02321352975 
0.0 0.0 0.0 0.991312343312 1.01706168993 0.0 0.991312343312 1.01706168993 
0.0 0.0 0.0 1.01986165922 0.98436561723 0.0 1.01986165922 0.98436561723 
0.0 0.0 0.0 1.03094596776 0.975006054399 0.0 1.03094596776 0.975006054399 
